5
1973 1739
0 1
0 100
0 213
0 219
0 220
0 226
0 227
0 233
0 234
0 240
0 241
0 247
0 248
0 254
0 255
0 261
0 262
0 268
0 269
0 275
1 2
2 3
3 4
4 5
5 6
6 7
7 8
8 9
9 10
10 11
11 12
12 13
13 14
13 752
13 758
13 759
13 765
13 766
13 772
13 773
13 779
13 780
13 786
13 787
13 793
13 794
13 800
13 801
13 807
13 808
13 814
13 815
13 821
13 822
13 828
13 829
13 835
13 836
13 842
13 843
13 849
13 850
13 856
13 857
13 863
13 864
13 870
13 871
13 877
13 878
13 884
13 885
13 891
14 15
15 16
16 17
17 18
18 19
19 20
20 21
21 22
22 23
23 24
24 25
25 26
26 27
27 28
28 29
29 30
30 31
31 32
32 33
33 34
33 1368
33 1374
33 1375
33 1381
33 1382
33 1388
33 1389
33 1395
33 1396
33 1402
33 1403
33 1409
33 1410
33 1416
33 1417
33 1423
33 1424
33 1430
33 1431
33 1437
33 1438
33 1444
33 1445
33 1451
33 1452
33 1458
33 1459
33 1465
33 1466
33 1472
33 1473
33 1479
33 1480
33 1486
33 1487
33 1493
33 1494
33 1500
33 1501
33 1507
34 35
35 36
36 37
37 38
38 39
39 40
40 41
41 42
42 43
43 44
44 45
45 46
46 47
47 48
48 49
49 50
50 51
51 52
52 53
53 54
53 1508
53 1514
53 1515
53 1521
53 1522
53 1528
53 1529
53 1535
53 1536
53 1542
53 1543
53 1549
53 1550
53 1556
53 1557
53 1563
53 1564
53 1570
53 1571
53 1577
53 1578
53 1584
53 1585
53 1591
53 1592
53 1598
53 1599
53 1605
53 1606
53 1612
53 1613
53 1619
53 1620
53 1626
54 55
55 56
56 57
57 58
58 59
59 60
60 61
61 62
62 63
63 64
63 969
63 975
63 976
63 982
63 983
63 989
63 990
63 996
63 997
63 1003
63 1004
63 1010
63 1011
63 1017
63 1018
63 1024
63 1025
63 1031
63 1032
63 1038
63 1039
63 1045
63 1046
63 1052
63 1053
63 1059
63 1060
63 1066
63 1067
63 1073
63 1074
63 1080
63 1081
63 1087
63 1088
63 1094
64 65
65 66
65 1186
65 1192
65 1193
65 1199
65 1200
65 1206
65 1207
65 1213
65 1326
65 1332
65 1333
65 1339
66 67
67 68
68 69
68 1158
68 1164
68 1165
68 1171
68 1172
68 1178
68 1179
68 1185
69 70
70 71
70 493
70 499
70 500
70 506
70 507
70 513
70 514
70 520
70 521
70 527
70 528
70 534
70 535
70 541
71 72
72 73
72 1214
72 1220
72 1221
72 1227
72 1228
72 1234
72 1235
72 1241
72 1242
72 1248
72 1249
72 1255
72 1256
72 1262
72 1263
72 1269
72 1270
72 1276
72 1277
72 1283
72 1284
72 1290
72 1291
72 1297
72 1298
72 1304
72 1305
72 1311
72 1312
72 1318
72 1319
72 1325
73 74
74 75
75 76
75 1627
75 1633
75 1634
75 1640
75 1641
75 1647
75 1648
75 1654
75 1655
75 1661
75 1662
75 1668
75 1669
75 1675
75 1676
75 1682
75 1683
75 1689
75 1690
75 1696
75 1697
75 1703
75 1704
75 1710
75 1711
75 1717
75 1718
75 1724
75 1725
75 1731
75 1732
75 1738
76 77
77 78
78 79
78 101
78 107
78 108
78 114
78 115
78 121
78 122
78 128
78 129
78 135
78 136
78 142
78 143
78 149
78 150
78 156
78 157
78 163
78 164
78 170
78 171
78 177
78 178
78 184
78 185
78 191
78 192
78 198
78 199
78 205
78 206
78 212
78 1340
78 1346
78 1347
78 1353
78 1354
78 1360
78 1361
78 1367
79 80
80 81
81 82
82 83
83 84
84 85
85 86
86 87
86 1095
86 1101
86 1102
86 1108
86 1109
86 1115
86 1116
86 1122
86 1123
86 1129
86 1130
86 1136
86 1137
86 1143
86 1144
86 1150
86 1151
86 1157
87 88
88 89
89 90
90 91
91 92
92 93
92 381
92 387
92 388
92 394
92 395
92 401
92 402
92 408
92 409
92 415
92 416
92 422
92 423
92 429
92 430
92 436
92 437
92 443
92 444
92 450
92 451
92 457
92 458
92 464
92 465
92 471
92 472
92 478
92 479
92 485
92 486
92 492
93 94
93 892
93 898
93 899
93 905
93 906
93 912
93 913
93 919
93 920
93 926
93 927
93 933
93 934
93 940
93 941
93 947
93 948
93 954
93 955
93 961
93 962
93 968
94 95
94 276
94 282
94 283
94 289
94 290
94 296
94 297
94 303
94 304
94 310
94 311
94 317
94 318
94 324
94 325
94 331
94 332
94 338
94 339
94 345
94 346
94 352
94 353
94 359
94 360
94 366
94 367
94 373
94 374
94 380
95 96
96 97
97 98
97 682
97 688
97 689
97 695
97 696
97 702
97 703
97 709
97 710
97 716
97 717
97 723
97 724
97 730
97 731
97 737
97 738
97 744
97 745
97 751
98 99
98 542
98 548
98 549
98 555
98 556
98 562
98 563
98 569
98 570
98 576
98 577
98 583
98 584
98 590
98 591
98 597
99 100
99 598
99 604
99 605
99 611
99 612
99 618
99 619
99 625
99 626
99 632
99 633
99 639
99 640
99 646
99 647
99 653
99 654
99 660
99 661
99 667
99 668
99 674
99 675
99 681
101 102
102 103
103 104
104 105
105 106
106 107
108 109
109 110
110 111
111 112
112 113
113 114
115 116
116 117
117 118
118 119
119 120
120 121
122 123
123 124
124 125
125 126
126 127
127 128
129 130
130 131
131 132
132 133
133 134
134 135
136 137
137 138
138 139
139 140
140 141
141 142
143 144
144 145
145 146
146 147
147 148
148 149
150 151
151 152
152 153
153 154
154 155
155 156
157 158
158 159
159 160
160 161
161 162
162 163
164 165
165 166
166 167
167 168
168 169
169 170
171 172
172 173
173 174
174 175
175 176
176 177
178 179
179 180
180 181
181 182
182 183
183 184
185 186
186 187
187 188
188 189
189 190
190 191
192 193
193 194
194 195
195 196
196 197
197 198
199 200
200 201
201 202
202 203
203 204
204 205
206 207
207 208
208 209
209 210
210 211
211 212
213 214
214 215
215 216
216 217
217 218
218 219
220 221
221 222
222 223
223 224
224 225
225 226
227 228
228 229
229 230
230 231
231 232
232 233
234 235
235 236
236 237
237 238
238 239
239 240
241 242
242 243
243 244
244 245
245 246
246 247
248 249
249 250
250 251
251 252
252 253
253 254
255 256
256 257
257 258
258 259
259 260
260 261
262 263
263 264
264 265
265 266
266 267
267 268
269 270
270 271
271 272
272 273
273 274
274 275
276 277
277 278
278 279
279 280
280 281
281 282
283 284
284 285
285 286
286 287
287 288
288 289
290 291
291 292
292 293
293 294
294 295
295 296
297 298
298 299
299 300
300 301
301 302
302 303
304 305
305 306
306 307
307 308
308 309
309 310
311 312
312 313
313 314
314 315
315 316
316 317
318 319
319 320
320 321
321 322
322 323
323 324
325 326
326 327
327 328
328 329
329 330
330 331
332 333
333 334
334 335
335 336
336 337
337 338
339 340
340 341
341 342
342 343
343 344
344 345
346 347
347 348
348 349
349 350
350 351
351 352
353 354
354 355
355 356
356 357
357 358
358 359
360 361
361 362
362 363
363 364
364 365
365 366
367 368
368 369
369 370
370 371
371 372
372 373
374 375
375 376
376 377
377 378
378 379
379 380
381 382
382 383
383 384
384 385
385 386
386 387
388 389
389 390
390 391
391 392
392 393
393 394
395 396
396 397
397 398
398 399
399 400
400 401
402 403
403 404
404 405
405 406
406 407
407 408
409 410
410 411
411 412
412 413
413 414
414 415
416 417
417 418
418 419
419 420
420 421
421 422
423 424
424 425
425 426
426 427
427 428
428 429
430 431
431 432
432 433
433 434
434 435
435 436
437 438
438 439
439 440
440 441
441 442
442 443
444 445
445 446
446 447
447 448
448 449
449 450
451 452
452 453
453 454
454 455
455 456
456 457
458 459
459 460
460 461
461 462
462 463
463 464
465 466
466 467
467 468
468 469
469 470
470 471
472 473
473 474
474 475
475 476
476 477
477 478
479 480
480 481
481 482
482 483
483 484
484 485
486 487
487 488
488 489
489 490
490 491
491 492
493 494
494 495
495 496
496 497
497 498
498 499
500 501
501 502
502 503
503 504
504 505
505 506
507 508
508 509
509 510
510 511
511 512
512 513
514 515
515 516
516 517
517 518
518 519
519 520
521 522
522 523
523 524
524 525
525 526
526 527
528 529
529 530
530 531
531 532
532 533
533 534
535 536
536 537
537 538
538 539
539 540
540 541
542 543
543 544
544 545
545 546
546 547
547 548
549 550
550 551
551 552
552 553
553 554
554 555
556 557
557 558
558 559
559 560
560 561
561 562
563 564
564 565
565 566
566 567
567 568
568 569
570 571
571 572
572 573
573 574
574 575
575 576
577 578
578 579
579 580
580 581
581 582
582 583
584 585
585 586
586 587
587 588
588 589
589 590
591 592
592 593
593 594
594 595
595 596
596 597
598 599
599 600
600 601
601 602
602 603
603 604
605 606
606 607
607 608
608 609
609 610
610 611
612 613
613 614
614 615
615 616
616 617
617 618
619 620
620 621
621 622
622 623
623 624
624 625
626 627
627 628
628 629
629 630
630 631
631 632
633 634
634 635
635 636
636 637
637 638
638 639
640 641
641 642
642 643
643 644
644 645
645 646
647 648
648 649
649 650
650 651
651 652
652 653
654 655
655 656
656 657
657 658
658 659
659 660
661 662
662 663
663 664
664 665
665 666
666 667
668 669
669 670
670 671
671 672
672 673
673 674
675 676
676 677
677 678
678 679
679 680
680 681
682 683
683 684
684 685
685 686
686 687
687 688
689 690
690 691
691 692
692 693
693 694
694 695
696 697
697 698
698 699
699 700
700 701
701 702
703 704
704 705
705 706
706 707
707 708
708 709
710 711
711 712
712 713
713 714
714 715
715 716
717 718
718 719
719 720
720 721
721 722
722 723
724 725
725 726
726 727
727 728
728 729
729 730
731 732
732 733
733 734
734 735
735 736
736 737
738 739
739 740
740 741
741 742
742 743
743 744
745 746
746 747
747 748
748 749
749 750
750 751
752 753
753 754
754 755
755 756
756 757
757 758
759 760
760 761
761 762
762 763
763 764
764 765
766 767
767 768
768 769
769 770
770 771
771 772
773 774
774 775
775 776
776 777
777 778
778 779
780 781
781 782
782 783
783 784
784 785
785 786
787 788
788 789
789 790
790 791
791 792
792 793
794 795
795 796
796 797
797 798
798 799
799 800
801 802
802 803
803 804
804 805
805 806
806 807
808 809
809 810
810 811
811 812
812 813
813 814
815 816
816 817
817 818
818 819
819 820
820 821
822 823
823 824
824 825
825 826
826 827
827 828
829 830
830 831
831 832
832 833
833 834
834 835
836 837
837 838
838 839
839 840
840 841
841 842
843 844
844 845
845 846
846 847
847 848
848 849
850 851
851 852
852 853
853 854
854 855
855 856
857 858
858 859
859 860
860 861
861 862
862 863
864 865
865 866
866 867
867 868
868 869
869 870
871 872
872 873
873 874
874 875
875 876
876 877
878 879
879 880
880 881
881 882
882 883
883 884
885 886
886 887
887 888
888 889
889 890
890 891
892 893
893 894
894 895
895 896
896 897
897 898
899 900
900 901
901 902
902 903
903 904
904 905
906 907
907 908
908 909
909 910
910 911
911 912
913 914
914 915
915 916
916 917
917 918
918 919
920 921
921 922
922 923
923 924
924 925
925 926
927 928
928 929
929 930
930 931
931 932
932 933
934 935
935 936
936 937
937 938
938 939
939 940
941 942
942 943
943 944
944 945
945 946
946 947
948 949
949 950
950 951
951 952
952 953
953 954
955 956
956 957
957 958
958 959
959 960
960 961
962 963
963 964
964 965
965 966
966 967
967 968
969 970
970 971
971 972
972 973
973 974
974 975
976 977
977 978
978 979
979 980
980 981
981 982
983 984
984 985
985 986
986 987
987 988
988 989
990 991
991 992
992 993
993 994
994 995
995 996
997 998
998 999
999 1000
1000 1001
1001 1002
1002 1003
1004 1005
1005 1006
1006 1007
1007 1008
1008 1009
1009 1010
1011 1012
1012 1013
1013 1014
1014 1015
1015 1016
1016 1017
1018 1019
1019 1020
1020 1021
1021 1022
1022 1023
1023 1024
1025 1026
1026 1027
1027 1028
1028 1029
1029 1030
1030 1031
1032 1033
1033 1034
1034 1035
1035 1036
1036 1037
1037 1038
1039 1040
1040 1041
1041 1042
1042 1043
1043 1044
1044 1045
1046 1047
1047 1048
1048 1049
1049 1050
1050 1051
1051 1052
1053 1054
1054 1055
1055 1056
1056 1057
1057 1058
1058 1059
1060 1061
1061 1062
1062 1063
1063 1064
1064 1065
1065 1066
1067 1068
1068 1069
1069 1070
1070 1071
1071 1072
1072 1073
1074 1075
1075 1076
1076 1077
1077 1078
1078 1079
1079 1080
1081 1082
1082 1083
1083 1084
1084 1085
1085 1086
1086 1087
1088 1089
1089 1090
1090 1091
1091 1092
1092 1093
1093 1094
1095 1096
1096 1097
1097 1098
1098 1099
1099 1100
1100 1101
1102 1103
1103 1104
1104 1105
1105 1106
1106 1107
1107 1108
1109 1110
1110 1111
1111 1112
1112 1113
1113 1114
1114 1115
1116 1117
1117 1118
1118 1119
1119 1120
1120 1121
1121 1122
1123 1124
1124 1125
1125 1126
1126 1127
1127 1128
1128 1129
1130 1131
1131 1132
1132 1133
1133 1134
1134 1135
1135 1136
1137 1138
1138 1139
1139 1140
1140 1141
1141 1142
1142 1143
1144 1145
1145 1146
1146 1147
1147 1148
1148 1149
1149 1150
1151 1152
1152 1153
1153 1154
1154 1155
1155 1156
1156 1157
1158 1159
1159 1160
1160 1161
1161 1162
1162 1163
1163 1164
1165 1166
1166 1167
1167 1168
1168 1169
1169 1170
1170 1171
1172 1173
1173 1174
1174 1175
1175 1176
1176 1177
1177 1178
1179 1180
1180 1181
1181 1182
1182 1183
1183 1184
1184 1185
1186 1187
1187 1188
1188 1189
1189 1190
1190 1191
1191 1192
1193 1194
1194 1195
1195 1196
1196 1197
1197 1198
1198 1199
1200 1201
1201 1202
1202 1203
1203 1204
1204 1205
1205 1206
1207 1208
1208 1209
1209 1210
1210 1211
1211 1212
1212 1213
1214 1215
1215 1216
1216 1217
1217 1218
1218 1219
1219 1220
1221 1222
1222 1223
1223 1224
1224 1225
1225 1226
1226 1227
1228 1229
1229 1230
1230 1231
1231 1232
1232 1233
1233 1234
1235 1236
1236 1237
1237 1238
1238 1239
1239 1240
1240 1241
1242 1243
1243 1244
1244 1245
1245 1246
1246 1247
1247 1248
1249 1250
1250 1251
1251 1252
1252 1253
1253 1254
1254 1255
1256 1257
1257 1258
1258 1259
1259 1260
1260 1261
1261 1262
1263 1264
1264 1265
1265 1266
1266 1267
1267 1268
1268 1269
1270 1271
1271 1272
1272 1273
1273 1274
1274 1275
1275 1276
1277 1278
1278 1279
1279 1280
1280 1281
1281 1282
1282 1283
1284 1285
1285 1286
1286 1287
1287 1288
1288 1289
1289 1290
1291 1292
1292 1293
1293 1294
1294 1295
1295 1296
1296 1297
1298 1299
1299 1300
1300 1301
1301 1302
1302 1303
1303 1304
1305 1306
1306 1307
1307 1308
1308 1309
1309 1310
1310 1311
1312 1313
1313 1314
1314 1315
1315 1316
1316 1317
1317 1318
1319 1320
1320 1321
1321 1322
1322 1323
1323 1324
1324 1325
1326 1327
1327 1328
1328 1329
1329 1330
1330 1331
1331 1332
1333 1334
1334 1335
1335 1336
1336 1337
1337 1338
1338 1339
1340 1341
1341 1342
1342 1343
1343 1344
1344 1345
1345 1346
1347 1348
1348 1349
1349 1350
1350 1351
1351 1352
1352 1353
1354 1355
1355 1356
1356 1357
1357 1358
1358 1359
1359 1360
1361 1362
1362 1363
1363 1364
1364 1365
1365 1366
1366 1367
1368 1369
1369 1370
1370 1371
1371 1372
1372 1373
1373 1374
1375 1376
1376 1377
1377 1378
1378 1379
1379 1380
1380 1381
1382 1383
1383 1384
1384 1385
1385 1386
1386 1387
1387 1388
1389 1390
1390 1391
1391 1392
1392 1393
1393 1394
1394 1395
1396 1397
1397 1398
1398 1399
1399 1400
1400 1401
1401 1402
1403 1404
1404 1405
1405 1406
1406 1407
1407 1408
1408 1409
1410 1411
1411 1412
1412 1413
1413 1414
1414 1415
1415 1416
1417 1418
1418 1419
1419 1420
1420 1421
1421 1422
1422 1423
1424 1425
1425 1426
1426 1427
1427 1428
1428 1429
1429 1430
1431 1432
1432 1433
1433 1434
1434 1435
1435 1436
1436 1437
1438 1439
1439 1440
1440 1441
1441 1442
1442 1443
1443 1444
1445 1446
1446 1447
1447 1448
1448 1449
1449 1450
1450 1451
1452 1453
1453 1454
1454 1455
1455 1456
1456 1457
1457 1458
1459 1460
1460 1461
1461 1462
1462 1463
1463 1464
1464 1465
1466 1467
1467 1468
1468 1469
1469 1470
1470 1471
1471 1472
1473 1474
1474 1475
1475 1476
1476 1477
1477 1478
1478 1479
1480 1481
1481 1482
1482 1483
1483 1484
1484 1485
1485 1486
1487 1488
1488 1489
1489 1490
1490 1491
1491 1492
1492 1493
1494 1495
1495 1496
1496 1497
1497 1498
1498 1499
1499 1500
1501 1502
1502 1503
1503 1504
1504 1505
1505 1506
1506 1507
1508 1509
1509 1510
1510 1511
1511 1512
1512 1513
1513 1514
1515 1516
1516 1517
1517 1518
1518 1519
1519 1520
1520 1521
1522 1523
1523 1524
1524 1525
1525 1526
1526 1527
1527 1528
1529 1530
1530 1531
1531 1532
1532 1533
1533 1534
1534 1535
1536 1537
1537 1538
1538 1539
1539 1540
1540 1541
1541 1542
1543 1544
1544 1545
1545 1546
1546 1547
1547 1548
1548 1549
1550 1551
1551 1552
1552 1553
1553 1554
1554 1555
1555 1556
1557 1558
1558 1559
1559 1560
1560 1561
1561 1562
1562 1563
1564 1565
1565 1566
1566 1567
1567 1568
1568 1569
1569 1570
1571 1572
1572 1573
1573 1574
1574 1575
1575 1576
1576 1577
1578 1579
1579 1580
1580 1581
1581 1582
1582 1583
1583 1584
1585 1586
1586 1587
1587 1588
1588 1589
1589 1590
1590 1591
1592 1593
1593 1594
1594 1595
1595 1596
1596 1597
1597 1598
1599 1600
1600 1601
1601 1602
1602 1603
1603 1604
1604 1605
1606 1607
1607 1608
1608 1609
1609 1610
1610 1611
1611 1612
1613 1614
1614 1615
1615 1616
1616 1617
1617 1618
1618 1619
1620 1621
1621 1622
1622 1623
1623 1624
1624 1625
1625 1626
1627 1628
1628 1629
1629 1630
1630 1631
1631 1632
1632 1633
1634 1635
1635 1636
1636 1637
1637 1638
1638 1639
1639 1640
1641 1642
1642 1643
1643 1644
1644 1645
1645 1646
1646 1647
1648 1649
1649 1650
1650 1651
1651 1652
1652 1653
1653 1654
1655 1656
1656 1657
1657 1658
1658 1659
1659 1660
1660 1661
1662 1663
1663 1664
1664 1665
1665 1666
1666 1667
1667 1668
1669 1670
1670 1671
1671 1672
1672 1673
1673 1674
1674 1675
1676 1677
1677 1678
1678 1679
1679 1680
1680 1681
1681 1682
1683 1684
1684 1685
1685 1686
1686 1687
1687 1688
1688 1689
1690 1691
1691 1692
1692 1693
1693 1694
1694 1695
1695 1696
1697 1698
1698 1699
1699 1700
1700 1701
1701 1702
1702 1703
1704 1705
1705 1706
1706 1707
1707 1708
1708 1709
1709 1710
1711 1712
1712 1713
1713 1714
1714 1715
1715 1716
1716 1717
1718 1719
1719 1720
1720 1721
1721 1722
1722 1723
1723 1724
1725 1726
1726 1727
1727 1728
1728 1729
1729 1730
1730 1731
1732 1733
1733 1734
1734 1735
1735 1736
1736 1737
1737 1738
573 514
0 1
0 100
1 2
2 3
3 4
3 171
3 177
4 5
5 6
6 7
7 8
7 430
7 436
8 9
9 10
10 11
11 12
12 13
13 14
13 178
13 184
13 185
13 191
13 192
13 198
13 199
13 205
13 206
13 212
14 15
15 16
16 17
16 332
16 338
16 339
16 345
17 18
18 19
18 437
18 443
18 444
18 450
18 451
18 457
19 20
20 21
21 22
22 23
23 24
24 25
25 26
26 27
27 28
28 29
29 30
30 31
30 115
30 121
30 122
30 128
30 129
30 135
30 136
30 142
31 32
32 33
33 34
34 35
35 36
36 37
37 38
38 39
39 40
39 346
39 352
39 353
39 359
39 360
39 366
39 367
39 373
40 41
41 42
42 43
43 44
44 45
45 46
45 458
45 464
45 465
45 471
45 472
45 478
46 47
47 48
47 374
47 380
47 381
47 387
48 49
49 50
50 51
51 52
52 53
53 54
54 55
55 56
56 57
57 58
58 59
59 60
60 61
61 62
62 63
63 64
63 283
63 289
63 290
63 296
63 297
63 303
63 304
63 310
63 311
63 317
64 65
65 66
65 479
65 485
65 486
65 492
65 493
65 499
65 500
65 506
66 67
66 101
66 107
66 108
66 114
66 318
66 324
66 325
66 331
67 68
68 69
69 70
69 143
69 149
69 150
69 156
69 157
69 163
69 164
69 170
69 227
69 233
69 234
69 240
69 241
69 247
69 248
69 254
69 255
69 261
69 262
69 268
69 269
69 275
69 276
69 282
70 71
70 213
70 219
70 220
70 226
71 72
72 73
73 74
74 75
75 76
75 423
75 429
76 77
77 78
78 79
79 80
80 81
81 82
82 83
83 84
84 85
85 86
86 87
87 88
87 507
87 513
88 89
89 90
90 91
91 92
92 93
92 388
92 394
92 395
92 401
92 402
92 408
92 409
92 415
92 416
92 422
93 94
94 95
95 96
96 97
97 98
98 99
99 100
101 102
102 103
103 104
104 105
105 106
106 107
108 109
109 110
110 111
111 112
112 113
113 114
115 116
116 117
117 118
118 119
119 120
120 121
122 123
123 124
124 125
125 126
126 127
127 128
129 130
130 131
131 132
132 133
133 134
134 135
136 137
137 138
138 139
139 140
140 141
141 142
143 144
144 145
145 146
146 147
147 148
148 149
150 151
151 152
152 153
153 154
154 155
155 156
157 158
158 159
159 160
160 161
161 162
162 163
164 165
165 166
166 167
167 168
168 169
169 170
171 172
172 173
173 174
174 175
175 176
176 177
178 179
179 180
180 181
181 182
182 183
183 184
185 186
186 187
187 188
188 189
189 190
190 191
192 193
193 194
194 195
195 196
196 197
197 198
199 200
200 201
201 202
202 203
203 204
204 205
206 207
207 208
208 209
209 210
210 211
211 212
213 214
214 215
215 216
216 217
217 218
218 219
220 221
221 222
222 223
223 224
224 225
225 226
227 228
228 229
229 230
230 231
231 232
232 233
234 235
235 236
236 237
237 238
238 239
239 240
241 242
242 243
243 244
244 245
245 246
246 247
248 249
249 250
250 251
251 252
252 253
253 254
255 256
256 257
257 258
258 259
259 260
260 261
262 263
263 264
264 265
265 266
266 267
267 268
269 270
270 271
271 272
272 273
273 274
274 275
276 277
277 278
278 279
279 280
280 281
281 282
283 284
284 285
285 286
286 287
287 288
288 289
290 291
291 292
292 293
293 294
294 295
295 296
297 298
298 299
299 300
300 301
301 302
302 303
304 305
305 306
306 307
307 308
308 309
309 310
311 312
312 313
313 314
314 315
315 316
316 317
318 319
319 320
320 321
321 322
322 323
323 324
325 326
326 327
327 328
328 329
329 330
330 331
332 333
333 334
334 335
335 336
336 337
337 338
339 340
340 341
341 342
342 343
343 344
344 345
346 347
347 348
348 349
349 350
350 351
351 352
353 354
354 355
355 356
356 357
357 358
358 359
360 361
361 362
362 363
363 364
364 365
365 366
367 368
368 369
369 370
370 371
371 372
372 373
374 375
375 376
376 377
377 378
378 379
379 380
381 382
382 383
383 384
384 385
385 386
386 387
388 389
389 390
390 391
391 392
392 393
393 394
395 396
396 397
397 398
398 399
399 400
400 401
402 403
403 404
404 405
405 406
406 407
407 408
409 410
410 411
411 412
412 413
413 414
414 415
416 417
417 418
418 419
419 420
420 421
421 422
423 424
424 425
425 426
426 427
427 428
428 429
430 431
431 432
432 433
433 434
434 435
435 436
437 438
438 439
439 440
440 441
441 442
442 443
444 445
445 446
446 447
447 448
448 449
449 450
451 452
452 453
453 454
454 455
455 456
456 457
458 459
459 460
460 461
461 462
462 463
463 464
465 466
466 467
467 468
468 469
469 470
470 471
472 473
473 474
474 475
475 476
476 477
477 478
479 480
480 481
481 482
482 483
483 484
484 485
486 487
487 488
488 489
489 490
490 491
491 492
493 494
494 495
495 496
496 497
497 498
498 499
500 501
501 502
502 503
503 504
504 505
505 506
507 508
508 509
509 510
510 511
511 512
512 513
4444 3902
0 1
1 2
2 3
3 4
4 5
5 6
6 7
7 8
8 9
9 10
10 11
11 12
12 13
13 14
14 15
15 16
15 332
15 338
15 339
15 345
15 346
15 352
15 353
15 359
15 360
15 366
15 367
15 373
15 374
15 380
15 381
15 387
15 388
15 394
15 395
15 401
15 402
15 408
15 409
15 415
15 416
15 422
15 423
15 429
15 430
15 436
15 437
15 443
15 444
15 450
16 17
16 493
16 499
16 500
16 506
16 507
16 513
16 514
16 520
16 521
16 527
16 528
16 534
16 535
16 541
16 542
16 548
16 549
16 555
16 556
16 562
16 563
16 569
16 570
16 576
17 18
18 19
19 20
20 21
20 325
20 331
20 633
20 639
20 640
20 646
20 647
20 653
20 654
20 660
20 661
20 667
20 668
20 674
21 22
22 23
23 24
24 25
25 26
25 451
25 457
25 458
25 464
25 465
25 471
25 472
25 478
25 479
25 485
25 486
25 492
26 27
27 28
28 29
29 30
30 31
31 32
31 1228
31 1234
31 1235
31 1241
31 1242
31 1248
31 1249
31 1255
31 1256
31 1262
31 1263
31 1269
31 1270
31 1276
31 1277
31 1283
31 1284
31 1290
31 1291
31 1297
31 1298
31 1304
32 33
33 34
34 35
35 36
36 37
36 745
36 751
36 752
36 758
36 759
36 765
36 766
36 772
36 773
36 779
36 780
36 786
36 787
36 793
36 794
36 800
36 801
36 807
37 38
38 39
39 40
40 41
40 1305
40 1311
40 1312
40 1318
40 1319
40 1325
40 1326
40 1332
41 42
41 808
41 814
41 815
41 821
41 822
41 828
41 829
41 835
41 836
41 842
41 843
41 849
41 850
41 856
42 43
42 1333
42 1339
42 1340
42 1346
42 1347
42 1353
42 1354
42 1360
42 1361
42 1367
42 1368
42 1374
43 44
44 45
45 46
46 47
47 48
48 49
49 50
49 3223
49 3229
49 3230
49 3236
49 3237
49 3243
49 3244
49 3250
49 3251
49 3257
49 3258
49 3264
50 51
51 52
51 1200
51 1206
51 1207
51 1213
51 1214
51 1220
51 1221
51 1227
52 53
52 675
52 681
52 682
52 688
52 689
52 695
52 696
52 702
52 703
52 709
52 710
52 716
52 717
52 723
52 724
52 730
52 731
52 737
52 738
52 744
53 54
53 101
53 107
53 108
53 114
53 115
53 121
53 122
53 128
53 129
53 135
53 136
53 142
53 143
53 149
53 150
53 156
53 157
53 163
53 164
53 170
53 171
53 177
53 178
53 184
53 185
53 191
54 55
55 56
55 577
55 583
55 584
55 590
55 591
55 597
55 598
55 604
55 605
55 611
55 612
55 618
55 619
55 625
55 626
55 632
56 57
57 58
58 59
59 60
60 61
61 62
62 63
62 857
62 863
62 864
62 870
62 871
62 877
62 878
62 884
62 885
62 891
62 892
62 898
62 899
62 905
62 906
62 912
62 913
62 919
62 920
62 926
62 927
62 933
62 934
62 940
62 941
62 947
62 948
62 954
62 955
62 961
62 962
62 968
62 969
62 975
62 976
62 982
63 64
64 65
65 66
66 67
67 68
68 69
69 70
70 71
71 72
72 73
73 74
74 75
75 76
76 77
76 983
76 989
76 990
76 996
76 997
76 1003
76 1004
76 1010
76 1011
76 1017
76 1018
76 1024
76 1025
76 1031
76 1032
76 1038
76 1039
76 1045
76 1046
76 1052
76 1053
76 1059
76 1060
76 1066
76 1067
76 1073
77 78
78 79
79 80
80 81
80 1375
80 1381
80 1382
80 1388
81 82
82 83
83 84
84 85
85 86
86 87
87 88
88 89
89 90
90 91
91 92
91 192
91 198
91 199
91 205
91 206
91 212
91 213
91 219
91 220
91 226
91 227
91 233
91 234
91 240
92 93
93 94
94 95
94 241
94 247
94 248
94 254
94 255
94 261
94 262
94 268
94 269
94 275
94 276
94 282
94 283
94 289
94 290
94 296
94 297
94 303
94 304
94 310
94 311
94 317
94 318
94 324
95 96
96 97
97 98
98 99
99 100
99 1074
99 1080
99 1081
99 1087
99 1088
99 1094
99 1095
99 1101
99 1102
99 1108
99 1109
99 1115
99 1116
99 1122
99 1123
99 1129
99 1130
99 1136
99 1137
99 1143
99 1144
99 1150
99 1151
99 1157
99 1158
99 1164
99 1165
99 1171
99 1172
99 1178
99 1179
99 1185
99 1186
99 1192
99 1193
99 1199
101 102
102 103
103 104
104 105
105 106
106 107
108 109
109 110
110 111
111 112
112 113
113 114
115 116
116 117
117 118
118 119
119 120
120 121
122 123
123 124
124 125
125 126
126 127
127 128
129 130
130 131
131 132
132 133
133 134
134 135
136 137
137 138
138 139
139 140
140 141
140 3643
140 3649
140 3650
140 3656
140 3657
140 3663
141 142
143 144
144 145
145 146
146 147
147 148
148 149
150 151
151 152
151 2726
151 2732
151 2733
151 2739
151 2740
151 2746
151 2747
151 2753
151 2754
151 2760
151 2761
151 2767
151 2768
151 2774
151 2775
151 2781
151 2782
151 2788
151 2789
151 2795
151 2796
151 2802
151 2803
151 2809
151 2810
151 2816
151 2817
151 2823
151 2824
151 2830
151 2831
151 2837
151 2838
151 2844
152 153
153 154
154 155
155 156
157 158
158 159
159 160
160 161
161 162
162 163
164 165
165 166
166 167
167 168
168 169
169 170
171 172
172 173
173 174
174 175
175 176
176 177
178 179
179 180
180 181
181 182
182 183
183 184
185 186
186 187
187 188
188 189
189 190
190 191
192 193
193 194
194 195
195 196
196 197
197 198
199 200
200 201
201 202
202 203
203 204
204 205
206 207
207 208
208 209
209 210
210 211
211 212
213 214
214 215
215 216
216 217
217 218
218 219
220 221
221 222
222 223
223 224
224 225
225 226
227 228
228 229
229 230
230 231
231 232
232 233
234 235
235 236
236 237
237 238
238 239
239 240
241 242
242 243
243 244
244 245
245 246
246 247
248 249
249 250
250 251
251 252
252 253
253 254
255 256
256 257
257 258
258 259
259 260
260 261
262 263
263 264
264 265
265 266
266 267
267 268
269 270
270 271
271 272
272 273
273 274
274 275
276 277
277 278
278 279
279 280
280 281
281 282
283 284
284 285
285 286
286 287
287 288
288 289
290 291
291 292
292 293
293 294
294 295
295 296
297 298
298 299
299 300
300 301
301 302
302 303
302 3475
302 3481
302 3482
302 3488
302 3489
302 3495
302 3496
302 3502
302 3503
302 3509
302 3510
302 3516
302 3517
302 3523
302 3524
302 3530
302 3531
302 3537
302 3538
302 3544
302 3545
302 3551
302 3552
302 3558
302 3559
302 3565
302 3566
302 3572
302 3573
302 3579
302 3580
302 3586
302 3587
302 3593
304 305
304 1480
304 1486
304 1487
304 1493
304 1494
304 1500
304 1501
304 1507
304 1508
304 1514
304 1515
304 1521
304 1522
304 1528
304 1529
304 1535
304 1536
304 1542
305 306
306 307
307 308
308 309
309 310
311 312
312 313
313 314
314 315
315 316
315 1956
315 1962
315 1963
315 1969
315 1970
315 1976
315 1977
315 1983
315 1984
315 1990
315 1991
315 1997
315 1998
315 2004
315 2005
315 2011
315 2012
315 2018
315 2019
315 2025
315 2026
315 2032
315 2033
315 2039
315 2040
315 2046
315 2047
315 2053
315 2054
315 2060
315 2061
315 2067
315 2068
315 2074
316 317
316 2509
316 2515
316 2516
316 2522
316 2523
316 2529
318 319
319 320
320 321
321 322
322 323
323 324
325 326
325 1585
325 1591
325 1592
325 1598
325 1599
325 1605
325 1606
325 1612
325 1613
325 1619
325 1620
325 1626
325 1627
325 1633
325 1634
325 1640
325 1641
325 1647
325 1648
325 1654
325 1655
325 1661
325 1662
325 1668
325 1669
325 1675
325 1676
325 1682
325 1683
325 1689
325 1690
325 1696
325 1697
325 1703
325 1704
325 1710
326 327
327 328
328 329
329 330
330 331
332 333
333 334
334 335
335 336
336 337
337 338
339 340
340 341
341 342
342 343
343 344
344 345
346 347
347 348
348 349
349 350
350 351
351 352
353 354
354 355
355 356
356 357
357 358
358 359
360 361
361 362
362 363
363 364
364 365
365 366
367 368
368 369
369 370
370 371
370 2075
370 2081
370 2082
370 2088
370 2089
370 2095
370 2096
370 2102
370 2103
370 2109
370 2110
370 2116
371 372
372 373
374 375
375 376
376 377
377 378
378 379
379 380
381 382
382 383
383 384
384 385
385 386
386 387
388 389
389 390
390 391
391 392
392 393
393 394
395 396
396 397
397 398
398 399
399 400
400 401
402 403
403 404
404 405
405 406
406 407
407 408
409 410
410 411
411 412
412 413
413 414
414 415
416 417
417 418
418 419
419 420
420 421
421 422
423 424
424 425
425 426
426 427
427 428
428 429
430 431
431 432
432 433
433 434
434 435
435 436
437 438
438 439
439 440
440 441
441 442
442 443
444 445
445 446
446 447
447 448
448 449
449 450
451 452
452 453
453 454
454 455
455 456
456 457
458 459
459 460
460 461
461 462
462 463
463 464
465 466
466 467
467 468
468 469
469 470
470 471
472 473
473 474
474 475
475 476
476 477
477 478
479 480
480 481
481 482
482 483
483 484
484 485
486 487
487 488
488 489
489 490
490 491
491 492
493 494
494 495
495 496
496 497
497 498
498 499
500 501
501 502
502 503
503 504
504 505
505 506
507 508
508 509
509 510
510 511
511 512
512 513
514 515
515 516
516 517
517 518
518 519
519 520
521 522
522 523
523 524
524 525
525 526
526 527
528 529
529 530
530 531
531 532
532 533
533 534
535 536
536 537
537 538
538 539
539 540
540 541
542 543
543 544
544 545
545 546
546 547
547 548
549 550
550 551
551 552
552 553
553 554
554 555
556 557
557 558
558 559
559 560
560 561
561 562
563 564
564 565
565 566
566 567
567 568
568 569
570 571
571 572
572 573
573 574
574 575
575 576
577 578
578 579
579 580
580 581
581 582
582 583
584 585
585 586
586 587
587 588
588 589
589 590
591 592
592 593
593 594
594 595
595 596
596 597
598 599
599 600
600 601
601 602
602 603
603 604
605 606
606 607
607 608
608 609
609 610
610 611
612 613
613 614
614 615
615 616
616 617
616 1893
616 1899
616 1900
616 1906
616 1907
616 1913
616 1914
616 1920
616 1921
616 1927
616 1928
616 1934
616 1935
616 1941
616 1942
616 1948
616 1949
616 1955
617 618
619 620
620 621
621 622
622 623
623 624
624 625
626 627
627 628
628 629
629 630
630 631
631 632
633 634
634 635
635 636
635 2411
635 2417
635 2418
635 2424
635 2425
635 2431
635 2432
635 2438
635 2439
635 2445
635 2446
635 2452
635 2453
635 2459
635 2460
635 2466
635 2467
635 2473
635 2474
635 2480
635 2481
635 2487
635 2488
635 2494
635 2495
635 2501
635 2502
635 2508
636 637
637 638
638 639
640 641
641 642
642 643
643 644
644 645
645 646
647 648
648 649
649 650
650 651
651 652
652 653
654 655
655 656
656 657
657 658
658 659
659 660
661 662
662 663
663 664
664 665
665 666
666 667
668 669
668 1543
668 1549
668 1550
668 1556
668 1557
668 1563
668 1564
668 1570
668 1571
668 1577
668 1578
668 1584
669 670
670 671
671 672
672 673
673 674
675 676
676 677
677 678
678 679
679 680
680 681
682 683
683 684
684 685
685 686
686 687
687 688
689 690
690 691
691 692
692 693
693 694
694 695
696 697
697 698
698 699
699 700
700 701
701 702
703 704
704 705
705 706
706 707
706 3265
706 3271
706 3272
706 3278
706 3279
706 3285
706 3286
706 3292
706 3293
706 3299
706 3300
706 3306
706 3307
706 3313
706 3314
706 3320
706 3321
706 3327
706 3328
706 3334
706 3335
706 3341
706 3342
706 3348
706 3349
706 3355
706 3356
706 3362
706 3363
706 3369
706 3370
706 3376
706 3377
706 3383
706 3384
706 3390
707 708
708 709
710 711
711 712
712 713
713 714
714 715
715 716
717 718
717 2271
717 2277
717 2278
717 2284
717 2285
717 2291
717 2292
717 2298
717 2299
717 2305
717 2306
717 2312
717 2313
717 2319
717 2320
717 2326
717 2327
717 2333
717 2334
717 2340
717 2341
717 2347
717 2348
717 2354
717 2355
717 2361
717 2362
717 2368
717 2369
717 2375
717 2376
717 2382
717 2383
717 2389
717 2390
717 2396
717 2397
717 2403
717 2404
717 2410
718 719
719 720
720 721
721 722
722 723
724 725
724 3762
724 3768
724 3769
724 3775
724 3776
724 3782
724 3783
724 3789
725 726
726 727
727 728
728 729
729 730
731 732
732 733
733 734
734 735
735 736
736 737
738 739
739 740
740 741
741 742
742 743
743 744
745 746
746 747
747 748
748 749
749 750
750 751
752 753
753 754
754 755
755 756
756 757
757 758
759 760
760 761
761 762
762 763
763 764
764 765
766 767
767 768
768 769
769 770
770 771
771 772
773 774
774 775
775 776
776 777
777 778
778 779
780 781
781 782
782 783
783 784
784 785
785 786
787 788
788 789
789 790
790 791
791 792
792 793
794 795
795 796
796 797
797 798
798 799
799 800
801 802
802 803
803 804
804 805
805 806
806 807
808 809
809 810
810 811
811 812
812 813
813 814
815 816
816 817
817 818
818 819
819 820
820 821
822 823
823 824
824 825
825 826
826 827
827 828
829 830
830 831
831 832
832 833
833 834
834 835
836 837
837 838
838 839
839 840
840 841
841 842
843 844
843 1795
843 1801
843 1802
843 1808
843 1809
843 1815
843 1816
843 1822
843 1823
843 1829
843 1830
843 1836
843 1837
843 1843
844 845
845 846
846 847
847 848
848 849
850 851
851 852
852 853
853 854
854 855
855 856
857 858
858 859
859 860
859 1389
859 1395
859 1396
859 1402
859 1403
859 1409
859 1410
859 1416
859 1417
859 1423
860 861
861 862
862 863
864 865
865 866
866 867
867 868
868 869
869 870
871 872
872 873
873 874
874 875
875 876
876 877
878 879
879 880
880 881
881 882
882 883
883 884
884 3146
884 3152
884 3153
884 3159
884 3160
884 3166
884 3167
884 3173
884 3174
884 3180
884 3181
884 3187
884 3188
884 3194
884 3195
884 3201
884 3202
884 3208
884 3209
884 3215
884 3216
884 3222
885 886
886 887
887 888
887 2117
887 2123
887 2124
887 2130
887 2131
887 2137
887 2138
887 2144
887 2145
887 2151
887 2152
887 2158
887 2159
887 2165
887 2166
887 2172
887 2173
887 2179
887 2180
887 2186
888 889
889 890
890 891
892 893
893 894
894 895
895 896
896 897
897 898
899 900
900 901
901 902
902 903
903 904
904 905
904 2957
904 2963
904 2964
904 2970
904 2971
904 2977
904 2978
904 2984
904 2985
904 2991
904 2992
904 2998
904 2999
904 3005
904 3006
904 3012
906 907
907 908
908 909
909 910
910 911
911 912
913 914
914 915
915 916
916 917
917 918
918 919
920 921
921 922
922 923
923 924
924 925
925 926
927 928
928 929
929 930
930 931
931 932
932 933
934 935
935 936
936 937
937 938
938 939
939 940
941 942
942 943
943 944
944 945
945 946
946 947
948 949
949 950
950 951
951 952
952 953
953 954
955 956
956 957
957 958
958 959
959 960
960 961
962 963
963 964
964 965
965 966
966 967
967 968
969 970
970 971
971 972
972 973
973 974
974 975
976 977
977 978
978 979
979 980
980 981
981 982
982 1424
982 1430
982 1431
982 1437
982 1438
982 1444
982 1445
982 1451
982 1452
982 1458
982 1459
982 1465
982 1466
982 1472
982 1473
982 1479
983 984
984 985
985 986
986 987
987 988
988 989
990 991
991 992
992 993
993 994
994 995
995 996
997 998
998 999
999 1000
1000 1001
1001 1002
1002 1003
1004 1005
1005 1006
1006 1007
1007 1008
1008 1009
1009 1010
1009 3433
1009 3439
1009 3440
1009 3446
1009 3447
1009 3453
1009 3454
1009 3460
1009 3461
1009 3467
1009 3468
1009 3474
1011 1012
1012 1013
1013 1014
1014 1015
1015 1016
1016 1017
1018 1019
1019 1020
1020 1021
1021 1022
1022 1023
1023 1024
1025 1026
1026 1027
1027 1028
1028 1029
1029 1030
1030 1031
1032 1033
1033 1034
1034 1035
1035 1036
1036 1037
1037 1038
1039 1040
1040 1041
1041 1042
1042 1043
1043 1044
1044 1045
1046 1047
1047 1048
1048 1049
1049 1050
1050 1051
1050 2845
1050 2851
1050 2852
1050 2858
1050 2859
1050 2865
1050 2866
1050 2872
1051 1052
1051 3664
1051 3670
1051 3671
1051 3677
1051 3678
1051 3684
1051 3685
1051 3691
1051 3692
1051 3698
1051 3699
1051 3705
1051 3706
1051 3712
1051 3713
1051 3719
1051 3720
1051 3726
1051 3727
1051 3733
1051 3734
1051 3740
1051 3741
1051 3747
1051 3748
1051 3754
1051 3755
1051 3761
1053 1054
1054 1055
1055 1056
1056 1057
1057 1058
1058 1059
1060 1061
1061 1062
1062 1063
1063 1064
1064 1065
1065 1066
1067 1068
1068 1069
1069 1070
1070 1071
1071 1072
1071 2187
1071 2193
1071 2194
1071 2200
1071 2201
1071 2207
1071 2208
1071 2214
1071 2215
1071 2221
1071 2222
1071 2228
1071 2229
1071 2235
1071 2236
1071 2242
1071 2243
1071 2249
1071 2250
1071 2256
1071 2257
1071 2263
1071 2264
1071 2270
1072 1073
1074 1075
1075 1076
1076 1077
1077 1078
1077 1844
1077 1850
1077 1851
1077 1857
1077 1858
1077 1864
1077 1865
1077 1871
1077 1872
1077 1878
1077 1879
1077 1885
1077 1886
1077 1892
1078 1079
1079 1080
1081 1082
1082 1083
1083 1084
1084 1085
1085 1086
1086 1087
1088 1089
1089 1090
1090 1091
1091 1092
1092 1093
1093 1094
1095 1096
1096 1097
1097 1098
1098 1099
1099 1100
1100 1101
1102 1103
1103 1104
1104 1105
1105 1106
1106 1107
1107 1108
1109 1110
1110 1111
1111 1112
1112 1113
1113 1114
1114 1115
1116 1117
1117 1118
1118 1119
1119 1120
1120 1121
1121 1122
1121 1711
1121 1717
1121 1718
1121 1724
1121 1725
1121 1731
1121 1732
1121 1738
1121 1739
1121 1745
1121 1746
1121 1752
1121 1753
1121 1759
1121 1760
1121 1766
1121 1767
1121 1773
1121 1774
1121 1780
1121 1781
1121 1787
1121 1788
1121 1794
1123 1124
1124 1125
1125 1126
1126 1127
1127 1128
1128 1129
1130 1131
1131 1132
1132 1133
1133 1134
1134 1135
1135 1136
1137 1138
1138 1139
1139 1140
1140 1141
1141 1142
1142 1143
1144 1145
1145 1146
1146 1147
1147 1148
1148 1149
1149 1150
1151 1152
1152 1153
1153 1154
1154 1155
1155 1156
1156 1157
1158 1159
1159 1160
1160 1161
1161 1162
1162 1163
1163 1164
1165 1166
1166 1167
1167 1168
1168 1169
1169 1170
1170 1171
1172 1173
1173 1174
1174 1175
1175 1176
1176 1177
1177 1178
1179 1180
1180 1181
1181 1182
1182 1183
1183 1184
1184 1185
1186 1187
1187 1188
1188 1189
1189 1190
1190 1191
1191 1192
1193 1194
1194 1195
1195 1196
1196 1197
1197 1198
1198 1199
1200 1201
1201 1202
1202 1203
1203 1204
1204 1205
1205 1206
1207 1208
1208 1209
1209 1210
1210 1211
1211 1212
1212 1213
1214 1215
1215 1216
1216 1217
1217 1218
1218 1219
1219 1220
1220 3013
1220 3019
1220 3020
1220 3026
1220 3027
1220 3033
1220 3034
1220 3040
1220 3041
1220 3047
1220 3048
1220 3054
1220 3055
1220 3061
1220 3062
1220 3068
1220 3069
1220 3075
1221 1222
1222 1223
1223 1224
1224 1225
1225 1226
1226 1227
1226 3391
1226 3397
1226 3398
1226 3404
1226 3405
1226 3411
1226 3412
1226 3418
1226 3419
1226 3425
1226 3426
1226 3432
1228 1229
1229 1230
1230 1231
1231 1232
1232 1233
1233 1234
1235 1236
1236 1237
1237 1238
1238 1239
1239 1240
1240 1241
1240 3076
1240 3082
1240 3083
1240 3089
1240 3090
1240 3096
1240 3097
1240 3103
1240 3104
1240 3110
1240 3111
1240 3117
1240 3118
1240 3124
1240 3125
1240 3131
1240 3132
1240 3138
1240 3139
1240 3145
1242 1243
1243 1244
1244 1245
1245 1246
1246 1247
1246 2873
1246 2879
1246 2880
1246 2886
1246 2887
1246 2893
1246 2894
1246 2900
1246 2901
1246 2907
1246 2908
1246 2914
1246 2915
1246 2921
1246 2922
1246 2928
1246 2929
1246 2935
1246 2936
1246 2942
1246 2943
1246 2949
1246 2950
1246 2956
1247 1248
1249 1250
1250 1251
1251 1252
1252 1253
1253 1254
1254 1255
1256 1257
1257 1258
1258 1259
1259 1260
1260 1261
1261 1262
1263 1264
1264 1265
1265 1266
1266 1267
1266 2530
1266 2536
1266 2537
1266 2543
1266 2544
1266 2550
1266 2551
1266 2557
1266 2558
1266 2564
1266 2565
1266 2571
1266 2572
1266 2578
1266 2579
1266 2585
1266 2586
1266 2592
1266 2593
1266 2599
1266 2600
1266 2606
1266 2607
1266 2613
1266 2614
1266 2620
1266 2621
1266 2627
1266 2628
1266 2634
1266 2635
1266 2641
1266 2642
1266 2648
1266 2649
1266 2655
1266 2656
1266 2662
1267 1268
1268 1269
1270 1271
1271 1272
1272 1273
1273 1274
1274 1275
1275 1276
1277 1278
1278 1279
1279 1280
1280 1281
1281 1282
1282 1283
1284 1285
1285 1286
1286 1287
1287 1288
1288 1289
1289 1290
1291 1292
1292 1293
1293 1294
1294 1295
1295 1296
1296 1297
1297 3790
1297 3796
1297 3797
1297 3803
1297 3804
1297 3810
1297 3811
1297 3817
1297 3818
1297 3824
1297 3825
1297 3831
1297 3832
1297 3838
1297 3839
1297 3845
1297 3846
1297 3852
1297 3853
1297 3859
1297 3860
1297 3866
1297 3867
1297 3873
1297 3874
1297 3880
1297 3881
1297 3887
1297 3888
1297 3894
1297 3895
1297 3901
1298 1299
1299 1300
1300 1301
1301 1302
1302 1303
1303 1304
1305 1306
1306 1307
1307 1308
1308 1309
1309 1310
1310 1311
1312 1313
1313 1314
1314 1315
1315 1316
1316 1317
1317 1318
1319 1320
1320 1321
1321 1322
1322 1323
1323 1324
1324 1325
1326 1327
1327 1328
1328 1329
1329 1330
1330 1331
1331 1332
1333 1334
1334 1335
1335 1336
1336 1337
1337 1338
1338 1339
1340 1341
1341 1342
1342 1343
1343 1344
1344 1345
1345 1346
1347 1348
1348 1349
1349 1350
1350 1351
1351 1352
1352 1353
1354 1355
1355 1356
1356 1357
1357 1358
1358 1359
1359 1360
1361 1362
1362 1363
1363 1364
1364 1365
1365 1366
1366 1367
1368 1369
1369 1370
1370 1371
1371 1372
1372 1373
1373 1374
1373 3594
1373 3600
1373 3601
1373 3607
1373 3608
1373 3614
1373 3615
1373 3621
1373 3622
1373 3628
1373 3629
1373 3635
1373 3636
1373 3642
1375 1376
1376 1377
1377 1378
1378 1379
1379 1380
1380 1381
1382 1383
1383 1384
1384 1385
1385 1386
1386 1387
1386 2663
1386 2669
1386 2670
1386 2676
1386 2677
1386 2683
1386 2684
1386 2690
1386 2691
1386 2697
1386 2698
1386 2704
1386 2705
1386 2711
1386 2712
1386 2718
1386 2719
1386 2725
1387 1388
1389 1390
1390 1391
1391 1392
1392 1393
1393 1394
1394 1395
1396 1397
1397 1398
1398 1399
1399 1400
1400 1401
1401 1402
1403 1404
1404 1405
1405 1406
1406 1407
1407 1408
1408 1409
1410 1411
1411 1412
1412 1413
1413 1414
1414 1415
1415 1416
1417 1418
1418 1419
1419 1420
1420 1421
1421 1422
1422 1423
1424 1425
1425 1426
1426 1427
1427 1428
1428 1429
1429 1430
1431 1432
1432 1433
1433 1434
1434 1435
1435 1436
1436 1437
1438 1439
1439 1440
1440 1441
1441 1442
1442 1443
1443 1444
1445 1446
1446 1447
1447 1448
1448 1449
1449 1450
1450 1451
1452 1453
1453 1454
1454 1455
1455 1456
1456 1457
1457 1458
1459 1460
1460 1461
1461 1462
1462 1463
1463 1464
1464 1465
1466 1467
1467 1468
1468 1469
1469 1470
1470 1471
1471 1472
1473 1474
1474 1475
1475 1476
1476 1477
1477 1478
1478 1479
1480 1481
1481 1482
1482 1483
1483 1484
1484 1485
1485 1486
1487 1488
1488 1489
1489 1490
1490 1491
1491 1492
1492 1493
1494 1495
1495 1496
1496 1497
1497 1498
1498 1499
1499 1500
1501 1502
1502 1503
1503 1504
1504 1505
1505 1506
1506 1507
1508 1509
1509 1510
1510 1511
1511 1512
1512 1513
1513 1514
1515 1516
1516 1517
1517 1518
1518 1519
1519 1520
1520 1521
1522 1523
1523 1524
1524 1525
1525 1526
1526 1527
1527 1528
1529 1530
1530 1531
1531 1532
1532 1533
1533 1534
1534 1535
1536 1537
1537 1538
1538 1539
1539 1540
1540 1541
1541 1542
1543 1544
1544 1545
1545 1546
1546 1547
1547 1548
1548 1549
1550 1551
1551 1552
1552 1553
1553 1554
1554 1555
1555 1556
1557 1558
1558 1559
1559 1560
1560 1561
1561 1562
1562 1563
1564 1565
1565 1566
1566 1567
1567 1568
1568 1569
1569 1570
1571 1572
1572 1573
1573 1574
1574 1575
1575 1576
1576 1577
1578 1579
1579 1580
1580 1581
1581 1582
1582 1583
1583 1584
1585 1586
1586 1587
1587 1588
1588 1589
1589 1590
1590 1591
1592 1593
1593 1594
1594 1595
1595 1596
1596 1597
1597 1598
1599 1600
1600 1601
1601 1602
1602 1603
1603 1604
1604 1605
1606 1607
1607 1608
1608 1609
1609 1610
1610 1611
1611 1612
1613 1614
1614 1615
1615 1616
1616 1617
1617 1618
1618 1619
1620 1621
1621 1622
1622 1623
1623 1624
1624 1625
1625 1626
1627 1628
1628 1629
1629 1630
1630 1631
1631 1632
1632 1633
1634 1635
1635 1636
1636 1637
1637 1638
1638 1639
1639 1640
1641 1642
1642 1643
1643 1644
1644 1645
1645 1646
1646 1647
1648 1649
1649 1650
1650 1651
1651 1652
1652 1653
1653 1654
1655 1656
1656 1657
1657 1658
1658 1659
1659 1660
1660 1661
1662 1663
1663 1664
1664 1665
1665 1666
1666 1667
1667 1668
1669 1670
1670 1671
1671 1672
1672 1673
1673 1674
1674 1675
1676 1677
1677 1678
1678 1679
1679 1680
1680 1681
1681 1682
1683 1684
1684 1685
1685 1686
1686 1687
1687 1688
1688 1689
1690 1691
1691 1692
1692 1693
1693 1694
1694 1695
1695 1696
1697 1698
1698 1699
1699 1700
1700 1701
1701 1702
1702 1703
1704 1705
1705 1706
1706 1707
1707 1708
1708 1709
1709 1710
1711 1712
1712 1713
1713 1714
1714 1715
1715 1716
1716 1717
1718 1719
1719 1720
1720 1721
1721 1722
1722 1723
1723 1724
1725 1726
1726 1727
1727 1728
1728 1729
1729 1730
1730 1731
1732 1733
1733 1734
1734 1735
1735 1736
1736 1737
1737 1738
1739 1740
1740 1741
1741 1742
1742 1743
1743 1744
1744 1745
1746 1747
1747 1748
1748 1749
1749 1750
1750 1751
1751 1752
1753 1754
1754 1755
1755 1756
1756 1757
1757 1758
1758 1759
1760 1761
1761 1762
1762 1763
1763 1764
1764 1765
1765 1766
1767 1768
1768 1769
1769 1770
1770 1771
1771 1772
1772 1773
1774 1775
1775 1776
1776 1777
1777 1778
1778 1779
1779 1780
1781 1782
1782 1783
1783 1784
1784 1785
1785 1786
1786 1787
1788 1789
1789 1790
1790 1791
1791 1792
1792 1793
1793 1794
1795 1796
1796 1797
1797 1798
1798 1799
1799 1800
1800 1801
1802 1803
1803 1804
1804 1805
1805 1806
1806 1807
1807 1808
1809 1810
1810 1811
1811 1812
1812 1813
1813 1814
1814 1815
1816 1817
1817 1818
1818 1819
1819 1820
1820 1821
1821 1822
1823 1824
1824 1825
1825 1826
1826 1827
1827 1828
1828 1829
1830 1831
1831 1832
1832 1833
1833 1834
1834 1835
1835 1836
1837 1838
1838 1839
1839 1840
1840 1841
1841 1842
1842 1843
1844 1845
1845 1846
1846 1847
1847 1848
1848 1849
1849 1850
1851 1852
1852 1853
1853 1854
1854 1855
1855 1856
1856 1857
1858 1859
1859 1860
1860 1861
1861 1862
1862 1863
1863 1864
1865 1866
1866 1867
1867 1868
1868 1869
1869 1870
1870 1871
1872 1873
1873 1874
1874 1875
1875 1876
1876 1877
1877 1878
1879 1880
1880 1881
1881 1882
1882 1883
1883 1884
1884 1885
1886 1887
1887 1888
1888 1889
1889 1890
1890 1891
1891 1892
1893 1894
1894 1895
1895 1896
1896 1897
1897 1898
1898 1899
1900 1901
1901 1902
1902 1903
1903 1904
1904 1905
1905 1906
1907 1908
1908 1909
1909 1910
1910 1911
1911 1912
1912 1913
1914 1915
1915 1916
1916 1917
1917 1918
1918 1919
1919 1920
1921 1922
1922 1923
1923 1924
1924 1925
1925 1926
1926 1927
1928 1929
1929 1930
1930 1931
1931 1932
1932 1933
1933 1934
1935 1936
1936 1937
1937 1938
1938 1939
1939 1940
1940 1941
1942 1943
1943 1944
1944 1945
1945 1946
1946 1947
1947 1948
1949 1950
1950 1951
1951 1952
1952 1953
1953 1954
1954 1955
1956 1957
1957 1958
1958 1959
1959 1960
1960 1961
1961 1962
1963 1964
1964 1965
1965 1966
1966 1967
1967 1968
1968 1969
1970 1971
1971 1972
1972 1973
1973 1974
1974 1975
1975 1976
1977 1978
1978 1979
1979 1980
1980 1981
1981 1982
1982 1983
1984 1985
1985 1986
1986 1987
1987 1988
1988 1989
1989 1990
1991 1992
1992 1993
1993 1994
1994 1995
1995 1996
1996 1997
1998 1999
1999 2000
2000 2001
2001 2002
2002 2003
2003 2004
2005 2006
2006 2007
2007 2008
2008 2009
2009 2010
2010 2011
2012 2013
2013 2014
2014 2015
2015 2016
2016 2017
2017 2018
2019 2020
2020 2021
2021 2022
2022 2023
2023 2024
2024 2025
2026 2027
2027 2028
2028 2029
2029 2030
2030 2031
2031 2032
2033 2034
2034 2035
2035 2036
2036 2037
2037 2038
2038 2039
2040 2041
2041 2042
2042 2043
2043 2044
2044 2045
2045 2046
2047 2048
2048 2049
2049 2050
2050 2051
2051 2052
2052 2053
2054 2055
2055 2056
2056 2057
2057 2058
2058 2059
2059 2060
2061 2062
2062 2063
2063 2064
2064 2065
2065 2066
2066 2067
2068 2069
2069 2070
2070 2071
2071 2072
2072 2073
2073 2074
2075 2076
2076 2077
2077 2078
2078 2079
2079 2080
2080 2081
2082 2083
2083 2084
2084 2085
2085 2086
2086 2087
2087 2088
2089 2090
2090 2091
2091 2092
2092 2093
2093 2094
2094 2095
2096 2097
2097 2098
2098 2099
2099 2100
2100 2101
2101 2102
2103 2104
2104 2105
2105 2106
2106 2107
2107 2108
2108 2109
2110 2111
2111 2112
2112 2113
2113 2114
2114 2115
2115 2116
2117 2118
2118 2119
2119 2120
2120 2121
2121 2122
2122 2123
2124 2125
2125 2126
2126 2127
2127 2128
2128 2129
2129 2130
2131 2132
2132 2133
2133 2134
2134 2135
2135 2136
2136 2137
2138 2139
2139 2140
2140 2141
2141 2142
2142 2143
2143 2144
2145 2146
2146 2147
2147 2148
2148 2149
2149 2150
2150 2151
2152 2153
2153 2154
2154 2155
2155 2156
2156 2157
2157 2158
2159 2160
2160 2161
2161 2162
2162 2163
2163 2164
2164 2165
2166 2167
2167 2168
2168 2169
2169 2170
2170 2171
2171 2172
2173 2174
2174 2175
2175 2176
2176 2177
2177 2178
2178 2179
2180 2181
2181 2182
2182 2183
2183 2184
2184 2185
2185 2186
2187 2188
2188 2189
2189 2190
2190 2191
2191 2192
2192 2193
2194 2195
2195 2196
2196 2197
2197 2198
2198 2199
2199 2200
2201 2202
2202 2203
2203 2204
2204 2205
2205 2206
2206 2207
2208 2209
2209 2210
2210 2211
2211 2212
2212 2213
2213 2214
2215 2216
2216 2217
2217 2218
2218 2219
2219 2220
2220 2221
2222 2223
2223 2224
2224 2225
2225 2226
2226 2227
2227 2228
2229 2230
2230 2231
2231 2232
2232 2233
2233 2234
2234 2235
2236 2237
2237 2238
2238 2239
2239 2240
2240 2241
2241 2242
2243 2244
2244 2245
2245 2246
2246 2247
2247 2248
2248 2249
2250 2251
2251 2252
2252 2253
2253 2254
2254 2255
2255 2256
2257 2258
2258 2259
2259 2260
2260 2261
2261 2262
2262 2263
2264 2265
2265 2266
2266 2267
2267 2268
2268 2269
2269 2270
2271 2272
2272 2273
2273 2274
2274 2275
2275 2276
2276 2277
2278 2279
2279 2280
2280 2281
2281 2282
2282 2283
2283 2284
2285 2286
2286 2287
2287 2288
2288 2289
2289 2290
2290 2291
2292 2293
2293 2294
2294 2295
2295 2296
2296 2297
2297 2298
2299 2300
2300 2301
2301 2302
2302 2303
2303 2304
2304 2305
2306 2307
2307 2308
2308 2309
2309 2310
2310 2311
2311 2312
2313 2314
2314 2315
2315 2316
2316 2317
2317 2318
2318 2319
2320 2321
2321 2322
2322 2323
2323 2324
2324 2325
2325 2326
2327 2328
2328 2329
2329 2330
2330 2331
2331 2332
2332 2333
2334 2335
2335 2336
2336 2337
2337 2338
2338 2339
2339 2340
2341 2342
2342 2343
2343 2344
2344 2345
2345 2346
2346 2347
2348 2349
2349 2350
2350 2351
2351 2352
2352 2353
2353 2354
2355 2356
2356 2357
2357 2358
2358 2359
2359 2360
2360 2361
2362 2363
2363 2364
2364 2365
2365 2366
2366 2367
2367 2368
2369 2370
2370 2371
2371 2372
2372 2373
2373 2374
2374 2375
2376 2377
2377 2378
2378 2379
2379 2380
2380 2381
2381 2382
2383 2384
2384 2385
2385 2386
2386 2387
2387 2388
2388 2389
2390 2391
2391 2392
2392 2393
2393 2394
2394 2395
2395 2396
2397 2398
2398 2399
2399 2400
2400 2401
2401 2402
2402 2403
2404 2405
2405 2406
2406 2407
2407 2408
2408 2409
2409 2410
2411 2412
2412 2413
2413 2414
2414 2415
2415 2416
2416 2417
2418 2419
2419 2420
2420 2421
2421 2422
2422 2423
2423 2424
2425 2426
2426 2427
2427 2428
2428 2429
2429 2430
2430 2431
2432 2433
2433 2434
2434 2435
2435 2436
2436 2437
2437 2438
2439 2440
2440 2441
2441 2442
2442 2443
2443 2444
2444 2445
2446 2447
2447 2448
2448 2449
2449 2450
2450 2451
2451 2452
2453 2454
2454 2455
2455 2456
2456 2457
2457 2458
2458 2459
2460 2461
2461 2462
2462 2463
2463 2464
2464 2465
2465 2466
2467 2468
2468 2469
2469 2470
2470 2471
2471 2472
2472 2473
2474 2475
2475 2476
2476 2477
2477 2478
2478 2479
2479 2480
2481 2482
2482 2483
2483 2484
2484 2485
2485 2486
2486 2487
2488 2489
2489 2490
2490 2491
2491 2492
2492 2493
2493 2494
2495 2496
2496 2497
2497 2498
2498 2499
2499 2500
2500 2501
2502 2503
2503 2504
2504 2505
2505 2506
2506 2507
2507 2508
2509 2510
2510 2511
2511 2512
2512 2513
2513 2514
2514 2515
2516 2517
2517 2518
2518 2519
2519 2520
2520 2521
2521 2522
2523 2524
2524 2525
2525 2526
2526 2527
2527 2528
2528 2529
2530 2531
2531 2532
2532 2533
2533 2534
2534 2535
2535 2536
2537 2538
2538 2539
2539 2540
2540 2541
2541 2542
2542 2543
2544 2545
2545 2546
2546 2547
2547 2548
2548 2549
2549 2550
2551 2552
2552 2553
2553 2554
2554 2555
2555 2556
2556 2557
2558 2559
2559 2560
2560 2561
2561 2562
2562 2563
2563 2564
2565 2566
2566 2567
2567 2568
2568 2569
2569 2570
2570 2571
2572 2573
2573 2574
2574 2575
2575 2576
2576 2577
2577 2578
2579 2580
2580 2581
2581 2582
2582 2583
2583 2584
2584 2585
2586 2587
2587 2588
2588 2589
2589 2590
2590 2591
2591 2592
2593 2594
2594 2595
2595 2596
2596 2597
2597 2598
2598 2599
2600 2601
2601 2602
2602 2603
2603 2604
2604 2605
2605 2606
2607 2608
2608 2609
2609 2610
2610 2611
2611 2612
2612 2613
2614 2615
2615 2616
2616 2617
2617 2618
2618 2619
2619 2620
2621 2622
2622 2623
2623 2624
2624 2625
2625 2626
2626 2627
2628 2629
2629 2630
2630 2631
2631 2632
2632 2633
2633 2634
2635 2636
2636 2637
2637 2638
2638 2639
2639 2640
2640 2641
2642 2643
2643 2644
2644 2645
2645 2646
2646 2647
2647 2648
2649 2650
2650 2651
2651 2652
2652 2653
2653 2654
2654 2655
2656 2657
2657 2658
2658 2659
2659 2660
2660 2661
2661 2662
2663 2664
2664 2665
2665 2666
2666 2667
2667 2668
2668 2669
2670 2671
2671 2672
2672 2673
2673 2674
2674 2675
2675 2676
2677 2678
2678 2679
2679 2680
2680 2681
2681 2682
2682 2683
2684 2685
2685 2686
2686 2687
2687 2688
2688 2689
2689 2690
2691 2692
2692 2693
2693 2694
2694 2695
2695 2696
2696 2697
2698 2699
2699 2700
2700 2701
2701 2702
2702 2703
2703 2704
2705 2706
2706 2707
2707 2708
2708 2709
2709 2710
2710 2711
2712 2713
2713 2714
2714 2715
2715 2716
2716 2717
2717 2718
2719 2720
2720 2721
2721 2722
2722 2723
2723 2724
2724 2725
2726 2727
2727 2728
2728 2729
2729 2730
2730 2731
2731 2732
2733 2734
2734 2735
2735 2736
2736 2737
2737 2738
2738 2739
2740 2741
2741 2742
2742 2743
2743 2744
2744 2745
2745 2746
2747 2748
2748 2749
2749 2750
2750 2751
2751 2752
2752 2753
2754 2755
2755 2756
2756 2757
2757 2758
2758 2759
2759 2760
2761 2762
2762 2763
2763 2764
2764 2765
2765 2766
2766 2767
2768 2769
2769 2770
2770 2771
2771 2772
2772 2773
2773 2774
2775 2776
2776 2777
2777 2778
2778 2779
2779 2780
2780 2781
2782 2783
2783 2784
2784 2785
2785 2786
2786 2787
2787 2788
2789 2790
2790 2791
2791 2792
2792 2793
2793 2794
2794 2795
2796 2797
2797 2798
2798 2799
2799 2800
2800 2801
2801 2802
2803 2804
2804 2805
2805 2806
2806 2807
2807 2808
2808 2809
2810 2811
2811 2812
2812 2813
2813 2814
2814 2815
2815 2816
2817 2818
2818 2819
2819 2820
2820 2821
2821 2822
2822 2823
2824 2825
2825 2826
2826 2827
2827 2828
2828 2829
2829 2830
2831 2832
2832 2833
2833 2834
2834 2835
2835 2836
2836 2837
2838 2839
2839 2840
2840 2841
2841 2842
2842 2843
2843 2844
2845 2846
2846 2847
2847 2848
2848 2849
2849 2850
2850 2851
2852 2853
2853 2854
2854 2855
2855 2856
2856 2857
2857 2858
2859 2860
2860 2861
2861 2862
2862 2863
2863 2864
2864 2865
2866 2867
2867 2868
2868 2869
2869 2870
2870 2871
2871 2872
2873 2874
2874 2875
2875 2876
2876 2877
2877 2878
2878 2879
2880 2881
2881 2882
2882 2883
2883 2884
2884 2885
2885 2886
2887 2888
2888 2889
2889 2890
2890 2891
2891 2892
2892 2893
2894 2895
2895 2896
2896 2897
2897 2898
2898 2899
2899 2900
2901 2902
2902 2903
2903 2904
2904 2905
2905 2906
2906 2907
2908 2909
2909 2910
2910 2911
2911 2912
2912 2913
2913 2914
2915 2916
2916 2917
2917 2918
2918 2919
2919 2920
2920 2921
2922 2923
2923 2924
2924 2925
2925 2926
2926 2927
2927 2928
2929 2930
2930 2931
2931 2932
2932 2933
2933 2934
2934 2935
2936 2937
2937 2938
2938 2939
2939 2940
2940 2941
2941 2942
2943 2944
2944 2945
2945 2946
2946 2947
2947 2948
2948 2949
2950 2951
2951 2952
2952 2953
2953 2954
2954 2955
2955 2956
2957 2958
2958 2959
2959 2960
2960 2961
2961 2962
2962 2963
2964 2965
2965 2966
2966 2967
2967 2968
2968 2969
2969 2970
2971 2972
2972 2973
2973 2974
2974 2975
2975 2976
2976 2977
2978 2979
2979 2980
2980 2981
2981 2982
2982 2983
2983 2984
2985 2986
2986 2987
2987 2988
2988 2989
2989 2990
2990 2991
2992 2993
2993 2994
2994 2995
2995 2996
2996 2997
2997 2998
2999 3000
3000 3001
3001 3002
3002 3003
3003 3004
3004 3005
3006 3007
3007 3008
3008 3009
3009 3010
3010 3011
3011 3012
3013 3014
3014 3015
3015 3016
3016 3017
3017 3018
3018 3019
3020 3021
3021 3022
3022 3023
3023 3024
3024 3025
3025 3026
3027 3028
3028 3029
3029 3030
3030 3031
3031 3032
3032 3033
3034 3035
3035 3036
3036 3037
3037 3038
3038 3039
3039 3040
3041 3042
3042 3043
3043 3044
3044 3045
3045 3046
3046 3047
3048 3049
3049 3050
3050 3051
3051 3052
3052 3053
3053 3054
3055 3056
3056 3057
3057 3058
3058 3059
3059 3060
3060 3061
3062 3063
3063 3064
3064 3065
3065 3066
3066 3067
3067 3068
3069 3070
3070 3071
3071 3072
3072 3073
3073 3074
3074 3075
3076 3077
3077 3078
3078 3079
3079 3080
3080 3081
3081 3082
3083 3084
3084 3085
3085 3086
3086 3087
3087 3088
3088 3089
3090 3091
3091 3092
3092 3093
3093 3094
3094 3095
3095 3096
3097 3098
3098 3099
3099 3100
3100 3101
3101 3102
3102 3103
3104 3105
3105 3106
3106 3107
3107 3108
3108 3109
3109 3110
3111 3112
3112 3113
3113 3114
3114 3115
3115 3116
3116 3117
3118 3119
3119 3120
3120 3121
3121 3122
3122 3123
3123 3124
3125 3126
3126 3127
3127 3128
3128 3129
3129 3130
3130 3131
3132 3133
3133 3134
3134 3135
3135 3136
3136 3137
3137 3138
3139 3140
3140 3141
3141 3142
3142 3143
3143 3144
3144 3145
3146 3147
3147 3148
3148 3149
3149 3150
3150 3151
3151 3152
3153 3154
3154 3155
3155 3156
3156 3157
3157 3158
3158 3159
3160 3161
3161 3162
3162 3163
3163 3164
3164 3165
3165 3166
3167 3168
3168 3169
3169 3170
3170 3171
3171 3172
3172 3173
3174 3175
3175 3176
3176 3177
3177 3178
3178 3179
3179 3180
3181 3182
3182 3183
3183 3184
3184 3185
3185 3186
3186 3187
3188 3189
3189 3190
3190 3191
3191 3192
3192 3193
3193 3194
3195 3196
3196 3197
3197 3198
3198 3199
3199 3200
3200 3201
3202 3203
3203 3204
3204 3205
3205 3206
3206 3207
3207 3208
3209 3210
3210 3211
3211 3212
3212 3213
3213 3214
3214 3215
3216 3217
3217 3218
3218 3219
3219 3220
3220 3221
3221 3222
3223 3224
3224 3225
3225 3226
3226 3227
3227 3228
3228 3229
3230 3231
3231 3232
3232 3233
3233 3234
3234 3235
3235 3236
3237 3238
3238 3239
3239 3240
3240 3241
3241 3242
3242 3243
3244 3245
3245 3246
3246 3247
3247 3248
3248 3249
3249 3250
3251 3252
3252 3253
3253 3254
3254 3255
3255 3256
3256 3257
3258 3259
3259 3260
3260 3261
3261 3262
3262 3263
3263 3264
3265 3266
3266 3267
3267 3268
3268 3269
3269 3270
3270 3271
3272 3273
3273 3274
3274 3275
3275 3276
3276 3277
3277 3278
3279 3280
3280 3281
3281 3282
3282 3283
3283 3284
3284 3285
3286 3287
3287 3288
3288 3289
3289 3290
3290 3291
3291 3292
3293 3294
3294 3295
3295 3296
3296 3297
3297 3298
3298 3299
3300 3301
3301 3302
3302 3303
3303 3304
3304 3305
3305 3306
3307 3308
3308 3309
3309 3310
3310 3311
3311 3312
3312 3313
3314 3315
3315 3316
3316 3317
3317 3318
3318 3319
3319 3320
3321 3322
3322 3323
3323 3324
3324 3325
3325 3326
3326 3327
3328 3329
3329 3330
3330 3331
3331 3332
3332 3333
3333 3334
3335 3336
3336 3337
3337 3338
3338 3339
3339 3340
3340 3341
3342 3343
3343 3344
3344 3345
3345 3346
3346 3347
3347 3348
3349 3350
3350 3351
3351 3352
3352 3353
3353 3354
3354 3355
3356 3357
3357 3358
3358 3359
3359 3360
3360 3361
3361 3362
3363 3364
3364 3365
3365 3366
3366 3367
3367 3368
3368 3369
3370 3371
3371 3372
3372 3373
3373 3374
3374 3375
3375 3376
3377 3378
3378 3379
3379 3380
3380 3381
3381 3382
3382 3383
3384 3385
3385 3386
3386 3387
3387 3388
3388 3389
3389 3390
3391 3392
3392 3393
3393 3394
3394 3395
3395 3396
3396 3397
3398 3399
3399 3400
3400 3401
3401 3402
3402 3403
3403 3404
3405 3406
3406 3407
3407 3408
3408 3409
3409 3410
3410 3411
3412 3413
3413 3414
3414 3415
3415 3416
3416 3417
3417 3418
3419 3420
3420 3421
3421 3422
3422 3423
3423 3424
3424 3425
3426 3427
3427 3428
3428 3429
3429 3430
3430 3431
3431 3432
3433 3434
3434 3435
3435 3436
3436 3437
3437 3438
3438 3439
3440 3441
3441 3442
3442 3443
3443 3444
3444 3445
3445 3446
3447 3448
3448 3449
3449 3450
3450 3451
3451 3452
3452 3453
3454 3455
3455 3456
3456 3457
3457 3458
3458 3459
3459 3460
3461 3462
3462 3463
3463 3464
3464 3465
3465 3466
3466 3467
3468 3469
3469 3470
3470 3471
3471 3472
3472 3473
3473 3474
3475 3476
3476 3477
3477 3478
3478 3479
3479 3480
3480 3481
3482 3483
3483 3484
3484 3485
3485 3486
3486 3487
3487 3488
3489 3490
3490 3491
3491 3492
3492 3493
3493 3494
3494 3495
3496 3497
3497 3498
3498 3499
3499 3500
3500 3501
3501 3502
3503 3504
3504 3505
3505 3506
3506 3507
3507 3508
3508 3509
3510 3511
3511 3512
3512 3513
3513 3514
3514 3515
3515 3516
3517 3518
3518 3519
3519 3520
3520 3521
3521 3522
3522 3523
3524 3525
3525 3526
3526 3527
3527 3528
3528 3529
3529 3530
3531 3532
3532 3533
3533 3534
3534 3535
3535 3536
3536 3537
3538 3539
3539 3540
3540 3541
3541 3542
3542 3543
3543 3544
3545 3546
3546 3547
3547 3548
3548 3549
3549 3550
3550 3551
3552 3553
3553 3554
3554 3555
3555 3556
3556 3557
3557 3558
3559 3560
3560 3561
3561 3562
3562 3563
3563 3564
3564 3565
3566 3567
3567 3568
3568 3569
3569 3570
3570 3571
3571 3572
3573 3574
3574 3575
3575 3576
3576 3577
3577 3578
3578 3579
3580 3581
3581 3582
3582 3583
3583 3584
3584 3585
3585 3586
3587 3588
3588 3589
3589 3590
3590 3591
3591 3592
3592 3593
3594 3595
3595 3596
3596 3597
3597 3598
3598 3599
3599 3600
3601 3602
3602 3603
3603 3604
3604 3605
3605 3606
3606 3607
3608 3609
3609 3610
3610 3611
3611 3612
3612 3613
3613 3614
3615 3616
3616 3617
3617 3618
3618 3619
3619 3620
3620 3621
3622 3623
3623 3624
3624 3625
3625 3626
3626 3627
3627 3628
3629 3630
3630 3631
3631 3632
3632 3633
3633 3634
3634 3635
3636 3637
3637 3638
3638 3639
3639 3640
3640 3641
3641 3642
3643 3644
3644 3645
3645 3646
3646 3647
3647 3648
3648 3649
3650 3651
3651 3652
3652 3653
3653 3654
3654 3655
3655 3656
3657 3658
3658 3659
3659 3660
3660 3661
3661 3662
3662 3663
3664 3665
3665 3666
3666 3667
3667 3668
3668 3669
3669 3670
3671 3672
3672 3673
3673 3674
3674 3675
3675 3676
3676 3677
3678 3679
3679 3680
3680 3681
3681 3682
3682 3683
3683 3684
3685 3686
3686 3687
3687 3688
3688 3689
3689 3690
3690 3691
3692 3693
3693 3694
3694 3695
3695 3696
3696 3697
3697 3698
3699 3700
3700 3701
3701 3702
3702 3703
3703 3704
3704 3705
3706 3707
3707 3708
3708 3709
3709 3710
3710 3711
3711 3712
3713 3714
3714 3715
3715 3716
3716 3717
3717 3718
3718 3719
3720 3721
3721 3722
3722 3723
3723 3724
3724 3725
3725 3726
3727 3728
3728 3729
3729 3730
3730 3731
3731 3732
3732 3733
3734 3735
3735 3736
3736 3737
3737 3738
3738 3739
3739 3740
3741 3742
3742 3743
3743 3744
3744 3745
3745 3746
3746 3747
3748 3749
3749 3750
3750 3751
3751 3752
3752 3753
3753 3754
3755 3756
3756 3757
3757 3758
3758 3759
3759 3760
3760 3761
3762 3763
3763 3764
3764 3765
3765 3766
3766 3767
3767 3768
3769 3770
3770 3771
3771 3772
3772 3773
3773 3774
3774 3775
3776 3777
3777 3778
3778 3779
3779 3780
3780 3781
3781 3782
3783 3784
3784 3785
3785 3786
3786 3787
3787 3788
3788 3789
3790 3791
3791 3792
3792 3793
3793 3794
3794 3795
3795 3796
3797 3798
3798 3799
3799 3800
3800 3801
3801 3802
3802 3803
3804 3805
3805 3806
3806 3807
3807 3808
3808 3809
3809 3810
3811 3812
3812 3813
3813 3814
3814 3815
3815 3816
3816 3817
3818 3819
3819 3820
3820 3821
3821 3822
3822 3823
3823 3824
3825 3826
3826 3827
3827 3828
3828 3829
3829 3830
3830 3831
3832 3833
3833 3834
3834 3835
3835 3836
3836 3837
3837 3838
3839 3840
3840 3841
3841 3842
3842 3843
3843 3844
3844 3845
3846 3847
3847 3848
3848 3849
3849 3850
3850 3851
3851 3852
3853 3854
3854 3855
3855 3856
3856 3857
3857 3858
3858 3859
3860 3861
3861 3862
3862 3863
3863 3864
3864 3865
3865 3866
3867 3868
3868 3869
3869 3870
3870 3871
3871 3872
3872 3873
3874 3875
3875 3876
3876 3877
3877 3878
3878 3879
3879 3880
3881 3882
3882 3883
3883 3884
3884 3885
3885 3886
3886 3887
3888 3889
3889 3890
3890 3891
3891 3892
3892 3893
3893 3894
3895 3896
3896 3897
3897 3898
3898 3899
3899 3900
3900 3901
3452 3034
0 1
1 2
2 3
3 4
4 5
4 857
4 863
4 864
4 870
4 871
4 877
4 878
4 884
4 885
4 891
4 892
4 898
4 899
4 905
4 906
4 912
4 913
4 919
4 920
4 926
4 927
4 933
4 934
4 940
4 941
4 947
4 948
4 954
4 955
4 961
4 962
4 968
5 6
6 7
7 8
7 2159
7 2165
7 2166
7 2172
7 2173
7 2179
7 2180
7 2186
7 2187
7 2193
7 2194
7 2200
7 2201
7 2207
7 2208
7 2214
7 2215
7 2221
7 2222
7 2228
7 2229
7 2235
7 2236
7 2242
8 9
9 10
9 395
9 401
9 402
9 408
9 409
9 415
9 416
9 422
9 1459
9 1465
9 1466
9 1472
9 1473
9 1479
9 1480
9 1486
9 1487
9 1493
9 1494
9 1500
9 1501
9 1507
9 1508
9 1514
9 1515
9 1521
9 1522
9 1528
9 1529
9 1535
9 1536
9 1542
9 1543
9 1549
9 1550
9 1556
9 1557
9 1563
9 1564
9 1570
10 11
11 12
12 13
12 521
12 527
12 528
12 534
12 535
12 541
12 542
12 548
12 549
12 555
12 556
12 562
12 563
12 569
12 570
12 576
12 577
12 583
12 584
12 590
12 591
12 597
12 598
12 604
12 605
12 611
12 612
12 618
12 619
12 625
12 626
12 632
12 633
12 639
12 640
12 646
12 647
12 653
13 14
14 15
15 16
16 17
16 2663
16 2669
16 2670
16 2676
17 18
18 19
18 1844
18 1850
18 1851
18 1857
18 1858
18 1864
18 1865
18 1871
18 1872
18 1878
18 1879
18 1885
18 1886
18 1892
18 1893
18 1899
18 1900
18 1906
18 1907
18 1913
19 20
19 1284
19 1290
19 1291
19 1297
19 1298
19 1304
19 1305
19 1311
19 1312
19 1318
19 1319
19 1325
19 1326
19 1332
19 1333
19 1339
19 1340
19 1346
19 1347
19 1353
19 1354
19 1360
19 1361
19 1367
19 1368
19 1374
19 1375
19 1381
19 1382
19 1388
19 1389
19 1395
19 1396
19 1402
19 1403
19 1409
19 1676
19 1682
19 1683
19 1689
19 1690
19 1696
19 1697
19 1703
19 1704
19 1710
19 1711
19 1717
19 1718
19 1724
19 1725
19 1731
20 21
20 1186
20 1192
20 1193
20 1199
20 1200
20 1206
20 1207
20 1213
20 1214
20 1220
20 1221
20 1227
20 1228
20 1234
20 1235
20 1241
20 1242
20 1248
21 22
22 23
22 717
22 723
22 724
22 730
22 731
22 737
22 738
22 744
22 745
22 751
22 752
22 758
22 759
22 765
22 766
22 772
22 773
22 779
22 780
22 786
22 787
22 793
22 794
22 800
22 801
22 807
22 808
22 814
22 815
22 821
22 822
22 828
22 829
22 835
22 836
22 842
22 843
22 849
22 850
22 856
23 24
24 25
25 26
26 27
27 28
28 29
28 283
28 289
28 290
28 296
28 297
28 303
28 304
28 310
28 311
28 317
28 1410
28 1416
28 1417
28 1423
28 1424
28 1430
28 1431
28 1437
28 1438
28 1444
28 1445
28 1451
28 1452
28 1458
29 30
30 31
30 1914
30 1920
30 1921
30 1927
30 1928
30 1934
30 1935
30 1941
31 32
32 33
33 34
34 35
35 36
35 1060
35 1066
35 1067
35 1073
35 1074
35 1080
35 1081
35 1087
35 1088
35 1094
35 1095
35 1101
35 1102
35 1108
35 1109
35 1115
35 1116
35 1122
35 1123
35 1129
35 1130
35 1136
35 1137
35 1143
35 1144
35 1150
35 1151
35 1157
35 1158
35 1164
35 1165
35 1171
35 1172
35 1178
35 1179
35 1185
36 37
37 38
38 39
38 1732
38 1738
38 1739
38 1745
38 1746
38 1752
38 1753
38 1759
38 1760
38 1766
38 1767
38 1773
38 1774
38 1780
38 1781
38 1787
38 1788
38 1794
38 1795
38 1801
38 1802
38 1808
38 1809
38 1815
38 1816
38 1822
38 1823
38 1829
38 1830
38 1836
38 1837
38 1843
39 40
39 654
39 660
39 661
39 667
39 668
39 674
39 675
39 681
39 682
39 688
39 689
39 695
39 696
39 702
39 703
39 709
39 710
39 716
40 41
41 42
41 2929
41 2935
41 2936
41 2942
41 2943
41 2949
41 2950
41 2956
41 2957
41 2963
41 2964
41 2970
41 2971
41 2977
41 2978
41 2984
41 2985
41 2991
41 2992
41 2998
41 2999
41 3005
41 3006
41 3012
41 3013
41 3019
41 3020
41 3026
41 3027
41 3033
42 43
43 44
44 45
45 46
46 47
46 2432
46 2438
46 2439
46 2445
46 2446
46 2452
46 2453
46 2459
46 2460
46 2466
46 2467
46 2473
46 2474
46 2480
46 2481
46 2487
46 2488
46 2494
46 2495
46 2501
46 2502
46 2508
46 2509
46 2515
46 2516
46 2522
46 2523
46 2529
46 2530
46 2536
46 2537
46 2543
46 2544
46 2550
46 2551
46 2557
46 2558
46 2564
47 48
48 49
49 50
50 51
51 52
52 53
52 2243
52 2249
52 2250
52 2256
52 2257
52 2263
52 2264
52 2270
52 2271
52 2277
52 2278
52 2284
52 2285
52 2291
52 2292
52 2298
52 2299
52 2305
52 2306
52 2312
52 2313
52 2319
52 2320
52 2326
52 2327
52 2333
52 2334
52 2340
52 2341
52 2347
53 54
53 164
53 170
53 171
53 177
53 178
53 184
53 185
53 191
53 192
53 198
53 199
53 205
53 206
53 212
53 213
53 219
53 220
53 226
53 227
53 233
53 234
53 240
53 241
53 247
53 248
53 254
53 255
53 261
53 262
53 268
53 269
53 275
53 276
53 282
54 55
55 56
55 2348
55 2354
55 2355
55 2361
55 2362
55 2368
55 2369
55 2375
55 2376
55 2382
55 2383
55 2389
55 2390
55 2396
55 2397
55 2403
55 2404
55 2410
55 2411
55 2417
55 2418
55 2424
55 2425
55 2431
56 57
57 58
58 59
58 101
58 107
58 108
58 114
58 115
58 121
58 122
58 128
58 129
58 135
58 136
58 142
58 143
58 149
58 150
58 156
58 157
58 163
59 60
60 61
61 62
62 63
63 64
64 65
65 66
66 67
66 1249
66 1255
66 1256
66 1262
66 1263
66 1269
66 1270
66 1276
66 1277
66 1283
67 68
68 69
69 70
70 71
70 318
70 324
70 325
70 331
70 332
70 338
70 339
70 345
70 346
70 352
70 353
70 359
70 360
70 366
70 367
70 373
70 374
70 380
70 381
70 387
70 388
70 394
71 72
72 73
73 74
73 1942
73 1948
73 1949
73 1955
73 1956
73 1962
73 1963
73 1969
73 1970
73 1976
73 1977
73 1983
73 1984
73 1990
73 1991
73 1997
73 1998
73 2004
73 2005
73 2011
73 2012
73 2018
73 2019
73 2025
73 2026
73 2032
73 2033
73 2039
73 2040
73 2046
73 2047
73 2053
74 75
75 76
75 1571
75 1577
75 1578
75 1584
75 1585
75 1591
75 1592
75 1598
75 1599
75 1605
75 1606
75 1612
75 1613
75 1619
75 1620
75 1626
75 1627
75 1633
75 1634
75 1640
75 1641
75 1647
75 1648
75 1654
75 1655
75 1661
75 1662
75 1668
75 1669
75 1675
76 77
77 78
77 2565
77 2571
77 2572
77 2578
77 2579
77 2585
77 2586
77 2592
77 2593
77 2599
77 2600
77 2606
77 2607
77 2613
77 2614
77 2620
77 2621
77 2627
77 2628
77 2634
77 2635
77 2641
77 2642
77 2648
77 2649
77 2655
77 2656
77 2662
78 79
79 80
80 81
81 82
82 83
83 84
84 85
85 86
86 87
87 88
88 89
89 90
89 983
89 989
89 990
89 996
89 997
89 1003
89 1004
89 1010
89 1011
89 1017
89 1018
89 1024
89 1025
89 1031
89 1032
89 1038
89 1039
89 1045
89 1046
89 1052
89 1053
89 1059
90 91
91 92
92 93
93 94
94 95
95 96
95 2803
95 2809
95 2810
95 2816
95 2817
95 2823
95 2824
95 2830
95 2831
95 2837
95 2838
95 2844
95 2845
95 2851
95 2852
95 2858
95 2859
95 2865
95 2866
95 2872
95 2873
95 2879
95 2880
95 2886
95 2887
95 2893
95 2894
95 2900
95 2901
95 2907
95 2908
95 2914
96 97
96 2054
96 2060
96 2061
96 2067
96 2068
96 2074
96 2075
96 2081
96 2082
96 2088
96 2089
96 2095
96 2096
96 2102
96 2103
96 2109
96 2110
96 2116
96 2117
96 2123
96 2124
96 2130
96 2131
96 2137
96 2138
96 2144
96 2145
96 2151
96 2152
96 2158
97 98
98 99
99 100
99 2677
99 2683
99 2684
99 2690
99 2691
99 2697
99 2698
99 2704
99 2705
99 2711
99 2712
99 2718
99 2719
99 2725
99 2726
99 2732
99 2733
99 2739
99 2740
99 2746
99 2747
99 2753
99 2754
99 2760
99 2761
99 2767
99 2768
99 2774
99 2775
99 2781
99 2782
99 2788
99 2789
99 2795
99 2796
99 2802
99 2915
99 2921
99 2922
99 2928
100 423
100 429
100 430
100 436
100 437
100 443
100 444
100 450
100 451
100 457
100 458
100 464
100 465
100 471
100 472
100 478
100 479
100 485
100 486
100 492
100 493
100 499
100 500
100 506
100 507
100 513
100 514
100 520
100 969
100 975
100 976
100 982
101 102
102 103
103 104
104 105
105 106
106 107
108 109
109 110
110 111
111 112
112 113
113 114
115 116
116 117
117 118
118 119
119 120
120 121
122 123
123 124
124 125
125 126
126 127
127 128
129 130
130 131
131 132
132 133
133 134
134 135
136 137
137 138
138 139
139 140
140 141
141 142
143 144
144 145
145 146
146 147
147 148
148 149
150 151
151 152
152 153
153 154
154 155
155 156
157 158
158 159
159 160
160 161
161 162
162 163
164 165
165 166
166 167
167 168
168 169
169 170
171 172
172 173
173 174
174 175
175 176
176 177
178 179
179 180
180 181
181 182
182 183
183 184
185 186
186 187
187 188
188 189
189 190
190 191
192 193
193 194
194 195
195 196
196 197
197 198
199 200
200 201
201 202
202 203
203 204
204 205
206 207
207 208
208 209
209 210
210 211
211 212
213 214
214 215
215 216
216 217
217 218
218 219
220 221
221 222
222 223
223 224
224 225
225 226
227 228
228 229
229 230
230 231
231 232
232 233
234 235
235 236
236 237
237 238
238 239
239 240
241 242
242 243
243 244
244 245
245 246
246 247
248 249
249 250
250 251
251 252
252 253
253 254
255 256
256 257
257 258
258 259
259 260
260 261
262 263
263 264
264 265
265 266
266 267
267 268
269 270
270 271
271 272
272 273
273 274
274 275
276 277
277 278
278 279
279 280
280 281
281 282
283 284
284 285
285 286
286 287
287 288
288 289
290 291
291 292
292 293
293 294
294 295
295 296
297 298
298 299
299 300
300 301
301 302
302 303
304 305
305 306
306 307
307 308
308 309
309 310
311 312
312 313
313 314
314 315
315 316
316 317
318 319
319 320
320 321
321 322
322 323
323 324
325 326
326 327
327 328
328 329
329 330
330 331
332 333
333 334
334 335
335 336
336 337
337 338
339 340
340 341
341 342
342 343
343 344
344 345
346 347
347 348
348 349
349 350
350 351
351 352
353 354
354 355
355 356
356 357
357 358
358 359
360 361
361 362
362 363
363 364
364 365
365 366
367 368
368 369
369 370
370 371
371 372
372 373
374 375
375 376
376 377
377 378
378 379
379 380
381 382
382 383
383 384
384 385
385 386
386 387
388 389
389 390
390 391
391 392
392 393
393 394
395 396
396 397
397 398
398 399
399 400
400 401
402 403
403 404
404 405
405 406
406 407
407 408
409 410
410 411
411 412
412 413
413 414
414 415
416 417
417 418
418 419
419 420
420 421
421 422
423 424
424 425
425 426
426 427
427 428
428 429
430 431
431 432
432 433
433 434
434 435
435 436
437 438
438 439
439 440
440 441
441 442
442 443
444 445
445 446
446 447
447 448
448 449
449 450
451 452
452 453
453 454
454 455
455 456
456 457
458 459
459 460
460 461
461 462
462 463
463 464
465 466
466 467
467 468
468 469
469 470
470 471
472 473
473 474
474 475
475 476
476 477
477 478
479 480
480 481
481 482
482 483
483 484
484 485
486 487
487 488
488 489
489 490
490 491
491 492
493 494
494 495
495 496
496 497
497 498
498 499
500 501
501 502
502 503
503 504
504 505
505 506
507 508
508 509
509 510
510 511
511 512
512 513
514 515
515 516
516 517
517 518
518 519
519 520
521 522
522 523
523 524
524 525
525 526
526 527
528 529
529 530
530 531
531 532
532 533
533 534
535 536
536 537
537 538
538 539
539 540
540 541
542 543
543 544
544 545
545 546
546 547
547 548
549 550
550 551
551 552
552 553
553 554
554 555
556 557
557 558
558 559
559 560
560 561
561 562
563 564
564 565
565 566
566 567
567 568
568 569
570 571
571 572
572 573
573 574
574 575
575 576
577 578
578 579
579 580
580 581
581 582
582 583
584 585
585 586
586 587
587 588
588 589
589 590
591 592
592 593
593 594
594 595
595 596
596 597
598 599
599 600
600 601
601 602
602 603
603 604
605 606
606 607
607 608
608 609
609 610
610 611
612 613
613 614
614 615
615 616
616 617
617 618
619 620
620 621
621 622
622 623
623 624
624 625
626 627
627 628
628 629
629 630
630 631
631 632
633 634
634 635
635 636
636 637
637 638
638 639
640 641
641 642
642 643
643 644
644 645
645 646
647 648
648 649
649 650
650 651
651 652
652 653
654 655
655 656
656 657
657 658
658 659
659 660
661 662
662 663
663 664
664 665
665 666
666 667
668 669
669 670
670 671
671 672
672 673
673 674
675 676
676 677
677 678
678 679
679 680
680 681
682 683
683 684
684 685
685 686
686 687
687 688
689 690
690 691
691 692
692 693
693 694
694 695
696 697
697 698
698 699
699 700
700 701
701 702
703 704
704 705
705 706
706 707
707 708
708 709
710 711
711 712
712 713
713 714
714 715
715 716
717 718
718 719
719 720
720 721
721 722
722 723
724 725
725 726
726 727
727 728
728 729
729 730
731 732
732 733
733 734
734 735
735 736
736 737
738 739
739 740
740 741
741 742
742 743
743 744
745 746
746 747
747 748
748 749
749 750
750 751
752 753
753 754
754 755
755 756
756 757
757 758
759 760
760 761
761 762
762 763
763 764
764 765
766 767
767 768
768 769
769 770
770 771
771 772
773 774
774 775
775 776
776 777
777 778
778 779
780 781
781 782
782 783
783 784
784 785
785 786
787 788
788 789
789 790
790 791
791 792
792 793
794 795
795 796
796 797
797 798
798 799
799 800
801 802
802 803
803 804
804 805
805 806
806 807
808 809
809 810
810 811
811 812
812 813
813 814
815 816
816 817
817 818
818 819
819 820
820 821
822 823
823 824
824 825
825 826
826 827
827 828
829 830
830 831
831 832
832 833
833 834
834 835
836 837
837 838
838 839
839 840
840 841
841 842
843 844
844 845
845 846
846 847
847 848
848 849
850 851
851 852
852 853
853 854
854 855
855 856
857 858
858 859
859 860
860 861
861 862
862 863
864 865
865 866
866 867
867 868
868 869
869 870
871 872
872 873
873 874
874 875
875 876
876 877
878 879
879 880
880 881
881 882
882 883
883 884
885 886
886 887
887 888
888 889
889 890
890 891
892 893
893 894
894 895
895 896
896 897
897 898
899 900
900 901
901 902
902 903
903 904
904 905
906 907
907 908
908 909
909 910
910 911
911 912
913 914
914 915
915 916
916 917
917 918
918 919
920 921
921 922
922 923
923 924
924 925
925 926
927 928
928 929
929 930
930 931
931 932
932 933
934 935
935 936
936 937
937 938
938 939
939 940
941 942
942 943
943 944
944 945
945 946
946 947
948 949
949 950
950 951
951 952
952 953
953 954
955 956
956 957
957 958
958 959
959 960
960 961
962 963
963 964
964 965
965 966
966 967
967 968
969 970
970 971
971 972
972 973
973 974
974 975
976 977
977 978
978 979
979 980
980 981
981 982
983 984
984 985
985 986
986 987
987 988
988 989
990 991
991 992
992 993
993 994
994 995
995 996
997 998
998 999
999 1000
1000 1001
1001 1002
1002 1003
1004 1005
1005 1006
1006 1007
1007 1008
1008 1009
1009 1010
1011 1012
1012 1013
1013 1014
1014 1015
1015 1016
1016 1017
1018 1019
1019 1020
1020 1021
1021 1022
1022 1023
1023 1024
1025 1026
1026 1027
1027 1028
1028 1029
1029 1030
1030 1031
1032 1033
1033 1034
1034 1035
1035 1036
1036 1037
1037 1038
1039 1040
1040 1041
1041 1042
1042 1043
1043 1044
1044 1045
1046 1047
1047 1048
1048 1049
1049 1050
1050 1051
1051 1052
1053 1054
1054 1055
1055 1056
1056 1057
1057 1058
1058 1059
1060 1061
1061 1062
1062 1063
1063 1064
1064 1065
1065 1066
1067 1068
1068 1069
1069 1070
1070 1071
1071 1072
1072 1073
1074 1075
1075 1076
1076 1077
1077 1078
1078 1079
1079 1080
1081 1082
1082 1083
1083 1084
1084 1085
1085 1086
1086 1087
1088 1089
1089 1090
1090 1091
1091 1092
1092 1093
1093 1094
1095 1096
1096 1097
1097 1098
1098 1099
1099 1100
1100 1101
1102 1103
1103 1104
1104 1105
1105 1106
1106 1107
1107 1108
1109 1110
1110 1111
1111 1112
1112 1113
1113 1114
1114 1115
1116 1117
1117 1118
1118 1119
1119 1120
1120 1121
1121 1122
1123 1124
1124 1125
1125 1126
1126 1127
1127 1128
1128 1129
1130 1131
1131 1132
1132 1133
1133 1134
1134 1135
1135 1136
1137 1138
1138 1139
1139 1140
1140 1141
1141 1142
1142 1143
1144 1145
1145 1146
1146 1147
1147 1148
1148 1149
1149 1150
1151 1152
1152 1153
1153 1154
1154 1155
1155 1156
1156 1157
1158 1159
1159 1160
1160 1161
1161 1162
1162 1163
1163 1164
1165 1166
1166 1167
1167 1168
1168 1169
1169 1170
1170 1171
1172 1173
1173 1174
1174 1175
1175 1176
1176 1177
1177 1178
1179 1180
1180 1181
1181 1182
1182 1183
1183 1184
1184 1185
1186 1187
1187 1188
1188 1189
1189 1190
1190 1191
1191 1192
1193 1194
1194 1195
1195 1196
1196 1197
1197 1198
1198 1199
1200 1201
1201 1202
1202 1203
1203 1204
1204 1205
1205 1206
1207 1208
1208 1209
1209 1210
1210 1211
1211 1212
1212 1213
1214 1215
1215 1216
1216 1217
1217 1218
1218 1219
1219 1220
1221 1222
1222 1223
1223 1224
1224 1225
1225 1226
1226 1227
1228 1229
1229 1230
1230 1231
1231 1232
1232 1233
1233 1234
1235 1236
1236 1237
1237 1238
1238 1239
1239 1240
1240 1241
1242 1243
1243 1244
1244 1245
1245 1246
1246 1247
1247 1248
1249 1250
1250 1251
1251 1252
1252 1253
1253 1254
1254 1255
1256 1257
1257 1258
1258 1259
1259 1260
1260 1261
1261 1262
1263 1264
1264 1265
1265 1266
1266 1267
1267 1268
1268 1269
1270 1271
1271 1272
1272 1273
1273 1274
1274 1275
1275 1276
1277 1278
1278 1279
1279 1280
1280 1281
1281 1282
1282 1283
1284 1285
1285 1286
1286 1287
1287 1288
1288 1289
1289 1290
1291 1292
1292 1293
1293 1294
1294 1295
1295 1296
1296 1297
1298 1299
1299 1300
1300 1301
1301 1302
1302 1303
1303 1304
1305 1306
1306 1307
1307 1308
1308 1309
1309 1310
1310 1311
1312 1313
1313 1314
1314 1315
1315 1316
1316 1317
1317 1318
1319 1320
1320 1321
1321 1322
1322 1323
1323 1324
1324 1325
1326 1327
1327 1328
1328 1329
1329 1330
1330 1331
1331 1332
1333 1334
1334 1335
1335 1336
1336 1337
1337 1338
1338 1339
1340 1341
1341 1342
1342 1343
1343 1344
1344 1345
1345 1346
1347 1348
1348 1349
1349 1350
1350 1351
1351 1352
1352 1353
1354 1355
1355 1356
1356 1357
1357 1358
1358 1359
1359 1360
1361 1362
1362 1363
1363 1364
1364 1365
1365 1366
1366 1367
1368 1369
1369 1370
1370 1371
1371 1372
1372 1373
1373 1374
1375 1376
1376 1377
1377 1378
1378 1379
1379 1380
1380 1381
1382 1383
1383 1384
1384 1385
1385 1386
1386 1387
1387 1388
1389 1390
1390 1391
1391 1392
1392 1393
1393 1394
1394 1395
1396 1397
1397 1398
1398 1399
1399 1400
1400 1401
1401 1402
1403 1404
1404 1405
1405 1406
1406 1407
1407 1408
1408 1409
1410 1411
1411 1412
1412 1413
1413 1414
1414 1415
1415 1416
1417 1418
1418 1419
1419 1420
1420 1421
1421 1422
1422 1423
1424 1425
1425 1426
1426 1427
1427 1428
1428 1429
1429 1430
1431 1432
1432 1433
1433 1434
1434 1435
1435 1436
1436 1437
1438 1439
1439 1440
1440 1441
1441 1442
1442 1443
1443 1444
1445 1446
1446 1447
1447 1448
1448 1449
1449 1450
1450 1451
1452 1453
1453 1454
1454 1455
1455 1456
1456 1457
1457 1458
1459 1460
1460 1461
1461 1462
1462 1463
1463 1464
1464 1465
1466 1467
1467 1468
1468 1469
1469 1470
1470 1471
1471 1472
1473 1474
1474 1475
1475 1476
1476 1477
1477 1478
1478 1479
1480 1481
1481 1482
1482 1483
1483 1484
1484 1485
1485 1486
1487 1488
1488 1489
1489 1490
1490 1491
1491 1492
1492 1493
1494 1495
1495 1496
1496 1497
1497 1498
1498 1499
1499 1500
1501 1502
1502 1503
1503 1504
1504 1505
1505 1506
1506 1507
1508 1509
1509 1510
1510 1511
1511 1512
1512 1513
1513 1514
1515 1516
1516 1517
1517 1518
1518 1519
1519 1520
1520 1521
1522 1523
1523 1524
1524 1525
1525 1526
1526 1527
1527 1528
1529 1530
1530 1531
1531 1532
1532 1533
1533 1534
1534 1535
1536 1537
1537 1538
1538 1539
1539 1540
1540 1541
1541 1542
1543 1544
1544 1545
1545 1546
1546 1547
1547 1548
1548 1549
1550 1551
1551 1552
1552 1553
1553 1554
1554 1555
1555 1556
1557 1558
1558 1559
1559 1560
1560 1561
1561 1562
1562 1563
1564 1565
1565 1566
1566 1567
1567 1568
1568 1569
1569 1570
1571 1572
1572 1573
1573 1574
1574 1575
1575 1576
1576 1577
1578 1579
1579 1580
1580 1581
1581 1582
1582 1583
1583 1584
1585 1586
1586 1587
1587 1588
1588 1589
1589 1590
1590 1591
1592 1593
1593 1594
1594 1595
1595 1596
1596 1597
1597 1598
1599 1600
1600 1601
1601 1602
1602 1603
1603 1604
1604 1605
1606 1607
1607 1608
1608 1609
1609 1610
1610 1611
1611 1612
1613 1614
1614 1615
1615 1616
1616 1617
1617 1618
1618 1619
1620 1621
1621 1622
1622 1623
1623 1624
1624 1625
1625 1626
1627 1628
1628 1629
1629 1630
1630 1631
1631 1632
1632 1633
1634 1635
1635 1636
1636 1637
1637 1638
1638 1639
1639 1640
1641 1642
1642 1643
1643 1644
1644 1645
1645 1646
1646 1647
1648 1649
1649 1650
1650 1651
1651 1652
1652 1653
1653 1654
1655 1656
1656 1657
1657 1658
1658 1659
1659 1660
1660 1661
1662 1663
1663 1664
1664 1665
1665 1666
1666 1667
1667 1668
1669 1670
1670 1671
1671 1672
1672 1673
1673 1674
1674 1675
1676 1677
1677 1678
1678 1679
1679 1680
1680 1681
1681 1682
1683 1684
1684 1685
1685 1686
1686 1687
1687 1688
1688 1689
1690 1691
1691 1692
1692 1693
1693 1694
1694 1695
1695 1696
1697 1698
1698 1699
1699 1700
1700 1701
1701 1702
1702 1703
1704 1705
1705 1706
1706 1707
1707 1708
1708 1709
1709 1710
1711 1712
1712 1713
1713 1714
1714 1715
1715 1716
1716 1717
1718 1719
1719 1720
1720 1721
1721 1722
1722 1723
1723 1724
1725 1726
1726 1727
1727 1728
1728 1729
1729 1730
1730 1731
1732 1733
1733 1734
1734 1735
1735 1736
1736 1737
1737 1738
1739 1740
1740 1741
1741 1742
1742 1743
1743 1744
1744 1745
1746 1747
1747 1748
1748 1749
1749 1750
1750 1751
1751 1752
1753 1754
1754 1755
1755 1756
1756 1757
1757 1758
1758 1759
1760 1761
1761 1762
1762 1763
1763 1764
1764 1765
1765 1766
1767 1768
1768 1769
1769 1770
1770 1771
1771 1772
1772 1773
1774 1775
1775 1776
1776 1777
1777 1778
1778 1779
1779 1780
1781 1782
1782 1783
1783 1784
1784 1785
1785 1786
1786 1787
1788 1789
1789 1790
1790 1791
1791 1792
1792 1793
1793 1794
1795 1796
1796 1797
1797 1798
1798 1799
1799 1800
1800 1801
1802 1803
1803 1804
1804 1805
1805 1806
1806 1807
1807 1808
1809 1810
1810 1811
1811 1812
1812 1813
1813 1814
1814 1815
1816 1817
1817 1818
1818 1819
1819 1820
1820 1821
1821 1822
1823 1824
1824 1825
1825 1826
1826 1827
1827 1828
1828 1829
1830 1831
1831 1832
1832 1833
1833 1834
1834 1835
1835 1836
1837 1838
1838 1839
1839 1840
1840 1841
1841 1842
1842 1843
1844 1845
1845 1846
1846 1847
1847 1848
1848 1849
1849 1850
1851 1852
1852 1853
1853 1854
1854 1855
1855 1856
1856 1857
1858 1859
1859 1860
1860 1861
1861 1862
1862 1863
1863 1864
1865 1866
1866 1867
1867 1868
1868 1869
1869 1870
1870 1871
1872 1873
1873 1874
1874 1875
1875 1876
1876 1877
1877 1878
1879 1880
1880 1881
1881 1882
1882 1883
1883 1884
1884 1885
1886 1887
1887 1888
1888 1889
1889 1890
1890 1891
1891 1892
1893 1894
1894 1895
1895 1896
1896 1897
1897 1898
1898 1899
1900 1901
1901 1902
1902 1903
1903 1904
1904 1905
1905 1906
1907 1908
1908 1909
1909 1910
1910 1911
1911 1912
1912 1913
1914 1915
1915 1916
1916 1917
1917 1918
1918 1919
1919 1920
1921 1922
1922 1923
1923 1924
1924 1925
1925 1926
1926 1927
1928 1929
1929 1930
1930 1931
1931 1932
1932 1933
1933 1934
1935 1936
1936 1937
1937 1938
1938 1939
1939 1940
1940 1941
1942 1943
1943 1944
1944 1945
1945 1946
1946 1947
1947 1948
1949 1950
1950 1951
1951 1952
1952 1953
1953 1954
1954 1955
1956 1957
1957 1958
1958 1959
1959 1960
1960 1961
1961 1962
1963 1964
1964 1965
1965 1966
1966 1967
1967 1968
1968 1969
1970 1971
1971 1972
1972 1973
1973 1974
1974 1975
1975 1976
1977 1978
1978 1979
1979 1980
1980 1981
1981 1982
1982 1983
1984 1985
1985 1986
1986 1987
1987 1988
1988 1989
1989 1990
1991 1992
1992 1993
1993 1994
1994 1995
1995 1996
1996 1997
1998 1999
1999 2000
2000 2001
2001 2002
2002 2003
2003 2004
2005 2006
2006 2007
2007 2008
2008 2009
2009 2010
2010 2011
2012 2013
2013 2014
2014 2015
2015 2016
2016 2017
2017 2018
2019 2020
2020 2021
2021 2022
2022 2023
2023 2024
2024 2025
2026 2027
2027 2028
2028 2029
2029 2030
2030 2031
2031 2032
2033 2034
2034 2035
2035 2036
2036 2037
2037 2038
2038 2039
2040 2041
2041 2042
2042 2043
2043 2044
2044 2045
2045 2046
2047 2048
2048 2049
2049 2050
2050 2051
2051 2052
2052 2053
2054 2055
2055 2056
2056 2057
2057 2058
2058 2059
2059 2060
2061 2062
2062 2063
2063 2064
2064 2065
2065 2066
2066 2067
2068 2069
2069 2070
2070 2071
2071 2072
2072 2073
2073 2074
2075 2076
2076 2077
2077 2078
2078 2079
2079 2080
2080 2081
2082 2083
2083 2084
2084 2085
2085 2086
2086 2087
2087 2088
2089 2090
2090 2091
2091 2092
2092 2093
2093 2094
2094 2095
2096 2097
2097 2098
2098 2099
2099 2100
2100 2101
2101 2102
2103 2104
2104 2105
2105 2106
2106 2107
2107 2108
2108 2109
2110 2111
2111 2112
2112 2113
2113 2114
2114 2115
2115 2116
2117 2118
2118 2119
2119 2120
2120 2121
2121 2122
2122 2123
2124 2125
2125 2126
2126 2127
2127 2128
2128 2129
2129 2130
2131 2132
2132 2133
2133 2134
2134 2135
2135 2136
2136 2137
2138 2139
2139 2140
2140 2141
2141 2142
2142 2143
2143 2144
2145 2146
2146 2147
2147 2148
2148 2149
2149 2150
2150 2151
2152 2153
2153 2154
2154 2155
2155 2156
2156 2157
2157 2158
2159 2160
2160 2161
2161 2162
2162 2163
2163 2164
2164 2165
2166 2167
2167 2168
2168 2169
2169 2170
2170 2171
2171 2172
2173 2174
2174 2175
2175 2176
2176 2177
2177 2178
2178 2179
2180 2181
2181 2182
2182 2183
2183 2184
2184 2185
2185 2186
2187 2188
2188 2189
2189 2190
2190 2191
2191 2192
2192 2193
2194 2195
2195 2196
2196 2197
2197 2198
2198 2199
2199 2200
2201 2202
2202 2203
2203 2204
2204 2205
2205 2206
2206 2207
2208 2209
2209 2210
2210 2211
2211 2212
2212 2213
2213 2214
2215 2216
2216 2217
2217 2218
2218 2219
2219 2220
2220 2221
2222 2223
2223 2224
2224 2225
2225 2226
2226 2227
2227 2228
2229 2230
2230 2231
2231 2232
2232 2233
2233 2234
2234 2235
2236 2237
2237 2238
2238 2239
2239 2240
2240 2241
2241 2242
2243 2244
2244 2245
2245 2246
2246 2247
2247 2248
2248 2249
2250 2251
2251 2252
2252 2253
2253 2254
2254 2255
2255 2256
2257 2258
2258 2259
2259 2260
2260 2261
2261 2262
2262 2263
2264 2265
2265 2266
2266 2267
2267 2268
2268 2269
2269 2270
2271 2272
2272 2273
2273 2274
2274 2275
2275 2276
2276 2277
2278 2279
2279 2280
2280 2281
2281 2282
2282 2283
2283 2284
2285 2286
2286 2287
2287 2288
2288 2289
2289 2290
2290 2291
2292 2293
2293 2294
2294 2295
2295 2296
2296 2297
2297 2298
2299 2300
2300 2301
2301 2302
2302 2303
2303 2304
2304 2305
2306 2307
2307 2308
2308 2309
2309 2310
2310 2311
2311 2312
2313 2314
2314 2315
2315 2316
2316 2317
2317 2318
2318 2319
2320 2321
2321 2322
2322 2323
2323 2324
2324 2325
2325 2326
2327 2328
2328 2329
2329 2330
2330 2331
2331 2332
2332 2333
2334 2335
2335 2336
2336 2337
2337 2338
2338 2339
2339 2340
2341 2342
2342 2343
2343 2344
2344 2345
2345 2346
2346 2347
2348 2349
2349 2350
2350 2351
2351 2352
2352 2353
2353 2354
2355 2356
2356 2357
2357 2358
2358 2359
2359 2360
2360 2361
2362 2363
2363 2364
2364 2365
2365 2366
2366 2367
2367 2368
2369 2370
2370 2371
2371 2372
2372 2373
2373 2374
2374 2375
2376 2377
2377 2378
2378 2379
2379 2380
2380 2381
2381 2382
2383 2384
2384 2385
2385 2386
2386 2387
2387 2388
2388 2389
2390 2391
2391 2392
2392 2393
2393 2394
2394 2395
2395 2396
2397 2398
2398 2399
2399 2400
2400 2401
2401 2402
2402 2403
2404 2405
2405 2406
2406 2407
2407 2408
2408 2409
2409 2410
2411 2412
2412 2413
2413 2414
2414 2415
2415 2416
2416 2417
2418 2419
2419 2420
2420 2421
2421 2422
2422 2423
2423 2424
2425 2426
2426 2427
2427 2428
2428 2429
2429 2430
2430 2431
2432 2433
2433 2434
2434 2435
2435 2436
2436 2437
2437 2438
2439 2440
2440 2441
2441 2442
2442 2443
2443 2444
2444 2445
2446 2447
2447 2448
2448 2449
2449 2450
2450 2451
2451 2452
2453 2454
2454 2455
2455 2456
2456 2457
2457 2458
2458 2459
2460 2461
2461 2462
2462 2463
2463 2464
2464 2465
2465 2466
2467 2468
2468 2469
2469 2470
2470 2471
2471 2472
2472 2473
2474 2475
2475 2476
2476 2477
2477 2478
2478 2479
2479 2480
2481 2482
2482 2483
2483 2484
2484 2485
2485 2486
2486 2487
2488 2489
2489 2490
2490 2491
2491 2492
2492 2493
2493 2494
2495 2496
2496 2497
2497 2498
2498 2499
2499 2500
2500 2501
2502 2503
2503 2504
2504 2505
2505 2506
2506 2507
2507 2508
2509 2510
2510 2511
2511 2512
2512 2513
2513 2514
2514 2515
2516 2517
2517 2518
2518 2519
2519 2520
2520 2521
2521 2522
2523 2524
2524 2525
2525 2526
2526 2527
2527 2528
2528 2529
2530 2531
2531 2532
2532 2533
2533 2534
2534 2535
2535 2536
2537 2538
2538 2539
2539 2540
2540 2541
2541 2542
2542 2543
2544 2545
2545 2546
2546 2547
2547 2548
2548 2549
2549 2550
2551 2552
2552 2553
2553 2554
2554 2555
2555 2556
2556 2557
2558 2559
2559 2560
2560 2561
2561 2562
2562 2563
2563 2564
2565 2566
2566 2567
2567 2568
2568 2569
2569 2570
2570 2571
2572 2573
2573 2574
2574 2575
2575 2576
2576 2577
2577 2578
2579 2580
2580 2581
2581 2582
2582 2583
2583 2584
2584 2585
2586 2587
2587 2588
2588 2589
2589 2590
2590 2591
2591 2592
2593 2594
2594 2595
2595 2596
2596 2597
2597 2598
2598 2599
2600 2601
2601 2602
2602 2603
2603 2604
2604 2605
2605 2606
2607 2608
2608 2609
2609 2610
2610 2611
2611 2612
2612 2613
2614 2615
2615 2616
2616 2617
2617 2618
2618 2619
2619 2620
2621 2622
2622 2623
2623 2624
2624 2625
2625 2626
2626 2627
2628 2629
2629 2630
2630 2631
2631 2632
2632 2633
2633 2634
2635 2636
2636 2637
2637 2638
2638 2639
2639 2640
2640 2641
2642 2643
2643 2644
2644 2645
2645 2646
2646 2647
2647 2648
2649 2650
2650 2651
2651 2652
2652 2653
2653 2654
2654 2655
2656 2657
2657 2658
2658 2659
2659 2660
2660 2661
2661 2662
2663 2664
2664 2665
2665 2666
2666 2667
2667 2668
2668 2669
2670 2671
2671 2672
2672 2673
2673 2674
2674 2675
2675 2676
2677 2678
2678 2679
2679 2680
2680 2681
2681 2682
2682 2683
2684 2685
2685 2686
2686 2687
2687 2688
2688 2689
2689 2690
2691 2692
2692 2693
2693 2694
2694 2695
2695 2696
2696 2697
2698 2699
2699 2700
2700 2701
2701 2702
2702 2703
2703 2704
2705 2706
2706 2707
2707 2708
2708 2709
2709 2710
2710 2711
2712 2713
2713 2714
2714 2715
2715 2716
2716 2717
2717 2718
2719 2720
2720 2721
2721 2722
2722 2723
2723 2724
2724 2725
2726 2727
2727 2728
2728 2729
2729 2730
2730 2731
2731 2732
2733 2734
2734 2735
2735 2736
2736 2737
2737 2738
2738 2739
2740 2741
2741 2742
2742 2743
2743 2744
2744 2745
2745 2746
2747 2748
2748 2749
2749 2750
2750 2751
2751 2752
2752 2753
2754 2755
2755 2756
2756 2757
2757 2758
2758 2759
2759 2760
2761 2762
2762 2763
2763 2764
2764 2765
2765 2766
2766 2767
2768 2769
2769 2770
2770 2771
2771 2772
2772 2773
2773 2774
2775 2776
2776 2777
2777 2778
2778 2779
2779 2780
2780 2781
2782 2783
2783 2784
2784 2785
2785 2786
2786 2787
2787 2788
2789 2790
2790 2791
2791 2792
2792 2793
2793 2794
2794 2795
2796 2797
2797 2798
2798 2799
2799 2800
2800 2801
2801 2802
2803 2804
2804 2805
2805 2806
2806 2807
2807 2808
2808 2809
2810 2811
2811 2812
2812 2813
2813 2814
2814 2815
2815 2816
2817 2818
2818 2819
2819 2820
2820 2821
2821 2822
2822 2823
2824 2825
2825 2826
2826 2827
2827 2828
2828 2829
2829 2830
2831 2832
2832 2833
2833 2834
2834 2835
2835 2836
2836 2837
2838 2839
2839 2840
2840 2841
2841 2842
2842 2843
2843 2844
2845 2846
2846 2847
2847 2848
2848 2849
2849 2850
2850 2851
2852 2853
2853 2854
2854 2855
2855 2856
2856 2857
2857 2858
2859 2860
2860 2861
2861 2862
2862 2863
2863 2864
2864 2865
2866 2867
2867 2868
2868 2869
2869 2870
2870 2871
2871 2872
2873 2874
2874 2875
2875 2876
2876 2877
2877 2878
2878 2879
2880 2881
2881 2882
2882 2883
2883 2884
2884 2885
2885 2886
2887 2888
2888 2889
2889 2890
2890 2891
2891 2892
2892 2893
2894 2895
2895 2896
2896 2897
2897 2898
2898 2899
2899 2900
2901 2902
2902 2903
2903 2904
2904 2905
2905 2906
2906 2907
2908 2909
2909 2910
2910 2911
2911 2912
2912 2913
2913 2914
2915 2916
2916 2917
2917 2918
2918 2919
2919 2920
2920 2921
2922 2923
2923 2924
2924 2925
2925 2926
2926 2927
2927 2928
2929 2930
2930 2931
2931 2932
2932 2933
2933 2934
2934 2935
2936 2937
2937 2938
2938 2939
2939 2940
2940 2941
2941 2942
2943 2944
2944 2945
2945 2946
2946 2947
2947 2948
2948 2949
2950 2951
2951 2952
2952 2953
2953 2954
2954 2955
2955 2956
2957 2958
2958 2959
2959 2960
2960 2961
2961 2962
2962 2963
2964 2965
2965 2966
2966 2967
2967 2968
2968 2969
2969 2970
2971 2972
2972 2973
2973 2974
2974 2975
2975 2976
2976 2977
2978 2979
2979 2980
2980 2981
2981 2982
2982 2983
2983 2984
2985 2986
2986 2987
2987 2988
2988 2989
2989 2990
2990 2991
2992 2993
2993 2994
2994 2995
2995 2996
2996 2997
2997 2998
2999 3000
3000 3001
3001 3002
3002 3003
3003 3004
3004 3005
3006 3007
3007 3008
3008 3009
3009 3010
3010 3011
3011 3012
3013 3014
3014 3015
3015 3016
3016 3017
3017 3018
3018 3019
3020 3021
3021 3022
3022 3023
3023 3024
3024 3025
3025 3026
3027 3028
3028 3029
3029 3030
3030 3031
3031 3032
3032 3033
289 101
0 1
0 8
0 30
0 36
0 55
0 76
0 88
0 99
1 2
1 6
1 12
1 15
1 26
1 94
2 3
2 16
2 59
2 88
3 4
3 9
3 19
3 24
3 55
4 5
4 39
4 45
4 68
4 94
4 99
5 6
5 29
5 57
5 63
6 7
6 9
6 34
6 58
6 100
7 8
7 27
7 63
7 72
8 9
8 10
8 21
8 70
9 10
9 22
9 34
9 77
10 11
10 12
10 46
10 76
11 12
11 47
11 67
11 100
12 13
12 31
12 96
13 14
13 48
13 75
14 15
14 36
14 49
14 59
14 77
15 16
15 79
15 85
15 86
15 98
16 17
16 65
16 86
17 18
17 21
17 81
18 19
18 23
18 28
18 34
18 67
18 73
18 76
19 20
19 36
19 52
19 57
19 73
20 21
20 36
20 92
21 22
21 88
22 23
22 34
22 83
22 100
23 24
23 34
23 41
24 25
24 59
24 62
24 67
24 80
24 92
24 98
25 26
25 47
25 94
25 97
26 27
26 29
26 67
26 84
27 28
27 54
27 55
27 90
27 95
28 29
28 55
28 70
29 30
29 45
29 47
29 78
29 90
29 96
30 31
30 54
30 77
30 96
31 32
32 33
32 34
32 54
32 95
33 34
33 42
33 90
34 35
34 79
34 99
35 36
35 43
35 47
35 49
35 55
35 61
35 85
36 37
36 45
36 77
37 38
37 67
37 79
38 39
38 59
39 40
39 58
39 70
40 41
40 43
40 64
40 80
41 42
41 51
41 93
42 43
42 51
42 67
42 91
43 44
43 45
43 63
43 73
43 88
43 96
44 45
44 48
44 67
45 46
45 72
46 47
46 48
46 87
46 98
47 48
47 73
47 100
48 49
48 66
48 70
48 98
49 50
49 85
50 51
50 96
51 52
52 53
52 65
52 79
53 54
53 100
54 55
55 56
55 66
55 96
56 57
56 94
56 96
57 58
57 59
58 59
58 87
59 60
59 75
59 76
60 61
60 67
60 69
60 99
61 62
61 65
62 63
62 90
63 64
63 73
64 65
65 66
65 92
66 67
66 88
66 94
67 68
67 79
68 69
68 94
69 70
69 88
70 71
70 83
70 91
71 72
72 73
72 84
73 74
73 96
74 75
74 81
75 76
75 90
75 91
76 77
76 97
77 78
78 79
78 85
78 91
79 80
80 81
81 82
82 83
82 94
83 84
84 85
84 96
85 86
85 92
86 87
87 88
88 89
89 90
90 91
91 92
92 93
93 94
93 97
94 95
95 96
96 97
97 98
98 99
99 100
