5
20 10 1
-27 -18 -16 -28 38 39 27 7 0 20 -40 -40 -22 41 39 -28 25 8 -46 8
-34 41 27 23 38 -36 -44 28 45 29
20 10 2
14 33 28 -33 -30 -8 -34 -16 -27 6 -19 38 33 5 27 24 25 -45 -8 0
-46 12 -38 -14 23 37 14 -28 -28 21
20 10 4
8 7 -35 -34 -4 -45 -20 8 -13 48 2 -35 8 -42 47 -10 -26 34 -41 -37
-10 -7 -4 34 -23 -35 -27 32 -42 -10
20 10 8
11 15 27 -13 -22 21 -48 -20 1 0 48 9 -33 13 16 33 -33 8 40 -25
17 -32 -48 -3 -48 13 20 5 -23 -14
20 10 16
-3 46 9 -26 37 0 -32 40 44 12 -49 50 -31 37 37 32 47 50 4 2
-40 -15 23 39 -9 -11 36 -25 21 -40
