5
250 500
3 3 1 0 1 2 1 3 3 2 2 4 2 1 2 1 1 3 2 3 2 0 2 3 0 3 1 2 2 0 2 4 1 0 1 3 0 3 3 0 0 2 4 3 3 2 1 4 4 0 4 0 1 3 4 2 3 3 3 1 4 0 1 3 2 1 0 2 3 4 2 4 2 4 2 1 0 4 1 1 1 1 0 3 1 4 0 3 3 3 2 2 3 3 2 0 1 3 0 1 0 1 4 3 4 0 2 0 2 0 3 3 1 3 0 3 4 4 1 3 0 4 1 2 2 3 1 0 1 1 1 4 3 3 4 1 2 0 1 2 1 3 0 2 4 2 2 0 2 0 3 2 2 4 1 3 3 3 4 4 3 4 4 0 3 3 1 0 4 0 4 4 1 0 0 0 2 2 0 2 1 0 3 1 1 1 2 1 2 0 4 0 3 4 1 2 4 3 4 4 1 2 1 2 1 1 2 4 1 2 3 4 4 3 4 0 2 4 3 3 2 0 2 0 4 2 2 0 1 0 0 3 2 1 3 2 1 0 1 3 4 1 1 0 1 2 2 2 4 4
4 4 2 0 0 2 1 3 0 2 1 3 3 0 2 3 1 2 4 4 4 3 1 1 4 1 2 1 2 2 3 4 4 4 1 2 0 0 1 1 1 2 3 3 1 4 4 4 0 4 4 0 3 4 1 2 4 0 1 1 4 4 2 4 3 1 2 1 1 2 1 0 4 0 0 3 3 2 3 0 2 4 0 1 2 1 1 0 0 2 2 0 3 0 4 3 2 0 2 1 0 0 3 1 3 4 2 1 3 0 4 3 3 3 1 2 4 2 3 0 2 4 4 2 1 1 4 4 2 3 2 3 3 2 0 4 2 3 1 3 3 3 0 2 2 0 3 1 4 4 2 1 4 3 4 4 3 1 1 1 3 3 4 1 4 3 2 4 3 0 0 0 2 4 3 2 1 3 1 2 0 1 4 1 4 4 2 2 0 0 3 1 0 4 4 2 3 3 4 3 4 2 3 3 0 0 0 0 2 4 4 3 4 2 4 0 2 4 4 0 4 2 0 3 2 4 3 2 3 2 3 3 3 1 0 1 3 3 1 4 0 2 4 4 4 2 0 0 0 4
250 500
1 7 3 2 7 1 2 5 3 1 2 5 4 7 6 7 7 2 6 2 4 6 3 8 0 3 0 3 0 3 1 2 0 1 5 3 3 4 1 7 8 5 3 7 4 8 8 3 2 4 4 0 6 3 8 8 3 5 4 0 7 4 1 4 1 0 0 6 1 1 2 1 5 6 0 4 0 1 8 5 8 8 6 5 3 6 3 1 2 3 2 4 8 1 0 6 8 1 0 4 2 0 4 7 2 0 8 2 2 5 8 6 2 8 7 3 3 8 4 3 7 7 5 7 0 7 2 1 2 2 2 7 0 1 3 3 4 0 2 7 6 6 3 5 7 5 7 5 8 0 1 0 6 5 6 3 2 4 7 8 4 6 4 2 2 6 1 1 6 7 7 4 5 8 2 7 8 0 6 0 1 8 4 6 3 2 8 1 3 8 5 5 3 5 2 1 5 4 5 7 4 5 0 1 4 7 3 5 8 2 2 5 4 6 3 0 2 7 1 6 0 4 2 7 1 0 1 3 3 2 7 3 0 2 4 1 4 0 5 8 2 2 8 2 1 5 6 7 1 6
0 4 3 0 4 4 4 0 3 0 0 3 2 5 8 1 6 1 1 6 6 3 8 5 6 2 3 5 0 0 1 8 0 4 4 6 0 5 0 7 6 0 6 0 4 0 6 8 5 2 7 0 4 2 0 5 7 5 5 1 1 4 0 7 7 7 8 5 1 8 3 8 7 2 7 2 1 0 3 6 5 0 6 1 4 5 4 6 1 1 1 7 5 1 5 3 3 3 0 8 3 6 2 5 5 0 7 4 5 7 1 2 4 7 4 8 8 1 2 4 2 8 6 4 7 2 0 3 8 2 6 7 7 3 3 2 8 5 5 8 1 4 7 4 8 0 8 0 8 3 6 7 6 7 3 5 7 0 7 3 2 6 3 3 6 5 7 6 4 6 0 8 3 8 1 8 2 6 7 3 1 6 1 4 3 2 1 2 3 7 5 2 1 3 4 0 5 8 2 8 3 4 2 5 8 4 5 4 2 1 7 1 4 7 6 4 4 4 0 6 6 5 4 1 2 6 8 3 4 3 6 7 2 1 5 8 0 6 1 1 0 2 1 0 3 3 0 6 7 2
250 500
15 0 10 10 13 8 9 5 12 1 8 8 6 4 12 10 5 4 10 2 6 14 11 11 10 9 7 4 14 1 0 13 13 9 4 3 16 8 9 14 16 9 9 1 9 7 11 0 4 2 7 0 11 13 13 6 0 1 0 6 9 3 12 3 11 3 0 13 6 13 9 4 1 0 13 15 10 3 1 6 6 7 9 14 12 0 11 3 15 14 6 8 4 10 3 15 10 14 5 0 14 1 0 2 11 1 14 7 13 0 6 13 0 16 1 4 15 0 5 4 6 6 5 5 8 2 9 8 13 15 11 11 0 5 3 12 11 3 5 2 13 3 4 11 3 8 12 4 14 16 3 2 2 8 9 11 2 16 8 4 12 2 10 6 5 9 3 16 3 4 12 11 0 10 4 16 10 0 12 10 11 8 10 7 13 1 2 10 12 12 11 13 16 2 8 4 6 2 4 11 1 4 5 2 7 1 8 12 0 13 0 10 5 6 0 13 12 1 13 3 9 7 6 6 4 12 5 12 14 5 7 15 5 8 4 9 2 14 6 3 8 0 2 9 7 6 9 5 16 14
1 8 0 5 8 3 1 3 15 1 5 1 7 6 3 16 8 0 1 2 7 8 9 9 3 3 2 1 16 12 16 13 11 1 15 7 0 15 13 15 6 6 14 7 5 11 16 8 8 2 7 0 15 5 10 1 1 11 3 8 4 9 7 3 2 8 6 16 0 11 14 13 9 0 12 12 2 0 4 3 4 11 1 4 3 7 13 12 5 2 8 14 8 2 2 4 13 4 16 10 8 12 6 13 9 8 13 11 6 6 15 11 15 14 11 10 8 1 9 11 8 0 13 6 11 2 10 7 13 7 8 12 9 11 10 15 15 16 15 11 16 14 5 15 11 1 4 7 15 12 4 12 14 8 7 3 13 11 1 16 2 12 12 3 7 1 7 14 8 13 2 7 9 12 9 10 7 1 12 9 4 16 10 11 2 10 11 10 13 16 15 4 12 8 11 11 7 3 1 15 12 11 10 5 1 3 6 0 14 6 1 5 7 14 8 1 12 13 11 0 12 1 6 1 0 11 5 9 0 12 10 8 15 4 7 0 8 5 1 14 3 10 5 8 13 3 7 6 0 16
250 500
4 0 17 31 23 13 30 21 14 2 26 7 20 28 8 10 19 1 6 22 12 28 30 2 9 31 1 19 25 19 14 10 30 18 2 12 21 18 18 14 26 1 17 0 30 15 7 14 15 17 27 15 14 2 17 20 4 21 11 19 32 20 18 17 10 0 10 0 4 2 2 13 4 28 31 24 32 11 18 22 13 10 3 26 29 3 7 6 15 21 25 30 9 12 23 5 11 12 31 6 11 9 20 8 31 16 27 17 17 7 5 22 18 23 15 0 32 27 3 8 19 24 32 21 23 0 4 13 23 4 4 28 21 9 23 20 7 11 11 14 11 8 6 24 20 29 5 28 9 23 6 15 2 19 19 11 29 14 26 22 25 7 0 27 6 13 32 30 28 26 9 0 3 0 12 0 29 23 9 19 17 9 15 21 16 2 23 7 13 22 30 2 14 12 27 7 10 1 5 19 13 16 5 3 20 10 30 10 1 17 31 30 23 25 28 14 10 23 9 2 20 8 25 4 16 32 17 8 27 11 31 12 4 22 22 27 27 7 6 17 31 22 3 27 1 24 25 2 0 2
27 7 26 22 3 13 12 32 15 19 5 31 23 29 28 0 2 12 13 15 23 18 16 4 26 21 3 20 4 17 25 32 5 15 3 32 30 18 8 13 6 30 14 5 9 18 13 0 5 32 10 29 29 8 10 5 25 4 18 9 26 26 11 10 24 14 4 30 25 8 17 17 0 17 20 21 1 10 9 19 14 16 6 10 2 14 12 3 5 27 21 4 30 5 25 2 4 11 20 4 30 22 16 32 4 25 7 14 17 7 0 10 12 7 5 11 17 25 24 11 3 5 17 20 29 18 11 2 8 30 31 20 4 20 13 11 26 32 26 6 11 9 9 3 2 19 22 14 14 18 24 29 7 30 24 16 7 13 23 15 0 29 18 8 20 11 26 30 22 19 18 13 17 12 15 4 1 12 28 31 31 11 17 21 15 24 31 2 13 10 28 30 15 16 25 24 21 25 15 18 1 32 30 15 18 11 16 3 22 7 30 31 14 6 20 17 18 7 15 20 28 6 10 21 28 24 3 25 10 29 8 22 15 6 21 24 4 31 27 3 3 30 32 30 20 25 25 11 10 17
250 500
9 60 8 28 10 32 62 33 38 40 14 4 0 32 24 26 58 41 63 4 29 1 6 53 31 63 60 34 7 27 50 34 23 18 24 63 32 40 2 5 29 30 18 35 34 53 53 34 12 55 40 25 48 35 33 44 13 47 38 43 16 42 62 55 53 37 15 16 61 12 39 8 61 33 61 57 37 10 3 32 40 29 30 43 5 3 23 38 60 23 18 46 22 6 30 15 40 49 44 64 40 25 9 40 0 60 12 35 29 55 63 34 59 5 17 44 1 19 18 16 13 32 3 27 28 23 5 32 1 31 4 12 58 53 46 60 51 18 31 14 17 38 59 57 39 35 12 20 53 12 46 32 30 13 21 18 3 47 48 38 55 18 38 28 7 60 43 5 8 61 9 36 48 11 50 18 2 39 4 17 48 36 3 63 43 8 24 5 23 62 57 17 25 26 29 34 41 19 36 42 10 58 61 27 11 26 41 13 6 47 63 55 39 23 38 11 64 17 19 38 38 44 7 21 20 58 56 14 54 38 61 57 42 47 41 33 45 18 40 54 53 24 39 62 22 49 13 11 26 12
22 4 0 28 13 7 18 49 39 7 3 10 64 40 33 28 64 52 53 54 24 58 38 56 10 26 24 48 0 61 48 46 19 61 1 39 33 56 53 29 13 43 50 26 22 56 43 44 8 32 61 49 20 4 27 0 26 8 44 10 55 60 25 41 34 40 1 41 6 64 55 32 10 22 35 45 44 24 29 9 33 11 44 63 36 42 27 56 56 13 31 5 29 12 55 9 3 36 22 49 40 12 63 18 10 52 4 14 63 42 51 18 36 31 15 31 54 6 50 55 62 38 33 30 4 36 16 25 48 57 37 14 28 16 54 56 30 29 54 24 3 35 0 38 12 21 30 43 30 54 5 59 64 41 2 49 5 54 36 53 27 58 54 8 27 63 49 13 34 64 23 6 50 0 60 5 27 57 43 24 14 46 56 61 17 37 15 31 53 41 42 57 56 30 44 57 1 52 39 12 4 50 33 55 54 8 63 46 29 31 46 4 38 57 29 55 47 48 34 63 57 52 39 10 54 21 33 25 42 14 21 24 23 18 35 56 4 37 44 45 53 47 61 57 20 9 63 60 10 15
