5
50 15000
723 125 570 668 698 139 407 357 740 65 185 719 242 501 136 587 668 123 619 134 544 148 71 457 535 439 2 655 183 478 97 380 351 596 737 472 310 551 188 323 258 177 446 736 323 674 374 461 264 310
269 483 264 454 647 483 442 550 406 425 88 191 657 59 191 330 351 212 110 730 527 182 560 497 412 621 27 312 102 563 35 112 391 471 276 530 58 125 214 145 385 543 501 66 449 379 473 722 582 677
50 15000
144 643 363 436 204 537 600 626 517 991 634 506 628 974 456 9 912 461 59 281 347 665 95 930 628 82 114 601 127 916 683 178 844 31 448 275 766 593 699 435 474 560 622 801 49 653 210 593 379 558
944 870 374 684 949 231 39 33 90 221 269 1 844 50 743 3 36 232 609 40 608 725 321 240 121 582 856 338 146 730 418 943 296 661 578 368 388 40 791 233 210 647 406 598 915 163 580 468 656 874
50 15000
258 339 1168 765 361 1110 1159 517 1076 1108 555 531 753 215 1061 79 306 140 754 230 30 825 620 1097 627 58 91 266 915 746 642 603 195 711 93 19 398 955 584 47 1024 492 339 1036 607 29 427 161 716 565
985 316 555 182 407 844 194 100 63 798 671 247 949 481 143 28 480 901 133 934 294 948 1058 395 1116 620 818 238 748 530 646 929 7 221 956 1007 633 43 477 1118 678 356 607 1133 716 872 941 269 529 948
50 15000
1397 2040 600 1161 33 2462 1183 46 1977 1057 2417 540 2153 2241 1300 2277 2411 1749 1677 1931 528 936 444 1224 1130 1866 785 2448 601 2176 1724 574 1481 2119 1573 481 1246 1116 1847 46 1662 758 156 891 1396 217 88 1232 439 448
2382 726 445 700 2178 406 733 1583 1621 80 2258 1991 2453 2096 2352 1818 344 1682 1237 267 577 2278 136 2211 2299 2329 2066 1874 2139 2121 2422 1615 2160 1201 1645 894 296 1662 128 356 1690 2271 835 463 141 1377 1150 1234 439 1483
50 15000
2773 3351 268 3020 387 283 3050 694 753 1041 4616 1038 196 3526 616 434 3293 2252 2979 281 2239 2037 4249 4209 1737 35 698 1026 1261 4346 279 915 4877 3049 4401 4560 4163 3996 4065 2049 665 2941 2285 1083 490 352 635 900 3282 130
3778 2556 2411 1278 2525 4909 861 1789 813 3560 2882 1064 3359 1002 817 1139 4055 3353 640 1871 1030 816 421 1486 2105 1609 1261 4158 997 1515 2 2763 2652 3523 2783 120 209 3460 3623 3151 3006 3084 1636 3260 2837 1257 3337 3268 1460 4460
